Total No of Frames = 18000  (1 frame = 10 msec)

Cell No.   X      Y    N_Spikes  Frames
Cell#001  005.7  157.9   014 :   1700  3446  4745  6104  7302  8172  10235  11133  12627  14667  15742  15921  16141  16844 
Cell#002  020.1  166.5   003 :   4740  14665  16843 
Cell#003  028.7  152.2   003 :   4743  12623  14667 
Cell#004  045.9  149.3   002 :   3447  7301 
Cell#005  051.7  172.3   001 :   14666 
Cell#006  054.6  129.2   000 :  
Cell#007  054.6  195.2   000 :  
Cell#008  057.4  157.9   000 :  
Cell#009  066.0  140.7   000 :  
Cell#010  071.8  172.3   003 :   4743  10233  11133 
Cell#011  080.4  146.4   000 :  
Cell#012  086.1  175.1   000 :  
Cell#013  086.1  189.5   001 :   7295 
Cell#014  091.9  137.8   031 :   338  494  1620  2212  2421  2429  2452  2680  3438  4430  6059  6519  6691  7830  7988  8443  9315  9698  9904  11006  11311  11624  11786  13077  15838  15875  16042  16113  16789  16840  17123 
Cell#015  100.5  195.2   000 :  
Cell#016  103.4  180.9   000 :  
Cell#017  114.8  221.1   001 :   16951 
Cell#018  117.7  140.7   001 :   16842 
Cell#019  117.7  178.0   001 :   1700 
Cell#020  120.6  203.8   000 :  
Cell#021  126.3  149.3   000 :  
Cell#022  126.3  218.2   003 :   12626  16952  17124 
Cell#023  134.9  166.5   002 :   3445  12630 
Cell#024  137.8  241.2   000 :  
Cell#025  143.6  258.4   008 :   1699  3446  4746  7303  10235  11138  14665  16850 
Cell#026  143.6  195.2   001 :   16846 
Cell#027  146.4  146.4   013 :   3443  4747  6104  7305  8172  9078  10236  11139  12629  14664  15734  16142  16955 
Cell#028  149.3  241.2   000 :  
Cell#029  155.0  203.8   000 :  
Cell#030  155.0  261.3   000 :  
Cell#031  157.9  152.2   000 :  
Cell#032  160.8  186.6   000 :  
Cell#033  163.7  163.7   000 :  
Cell#034  178.0  195.2   000 :  
Cell#035  178.0  255.5   000 :  
Cell#036  186.6  172.3   009 :   3446  4738  6105  7304  8172  9072  10234  12627  16847 
Cell#037  189.5  235.4   000 :  
Cell#038  195.2  186.6   003 :   3445  6104  12625 
Cell#039  198.1  160.8   000 :  
Cell#040  206.7  198.1   000 :  
Cell#041  209.6  163.7   012 :   1703  4746  6108  8173  11139  14666  14685  15738  15921  16141  16171  16845 
Cell#042  212.5  235.4   001 :   15951 
Cell#043  221.1  246.9   003 :   10238  11133  12625 
Cell#044  229.7  195.2   006 :   3449  4745  10237  11132  12626  14664 
Cell#045  229.7  223.9   000 :  
Cell#046  238.3  258.4   000 :  
Cell#047  241.2  189.5   000 :  
Cell#048  244.0  223.9   000 :  
Cell#049  252.7  195.2   011 :   1697  3327  4740  6094  7296  12622  13270  14665  16141  16848  16906 
Cell#050  255.5  229.7   000 :  
Cell#051  264.1  246.9   002 :   1695  14667 
Cell#052  264.1  195.2   003 :   457  8175  12627 
Cell#053  278.5  249.8   000 :  
Cell#054  281.4  203.8   000 :  
Cell#055  284.2  226.8   005 :   3443  7300  10225  12629  14667 
Cell#056  287.1  287.1   001 :   12627 
Cell#057  292.9  195.2   001 :   6107 
Cell#058  295.7  255.5   004 :   10231  11139  12628  14669 
Cell#059  298.6  232.6   017 :   2881  3446  4721  5000  6106  8172  10234  10484  11134  12351  13282  14668  15455  16151  16508  16847  16864 
Cell#060  307.2  252.7   054 :   184  565  1360  1488  1636  1699  2074  2181  2264  2359  2383  3094  3442  3794  4724  5636  5853  6087  6100  7020  7222  7300  8161  8956  9065  9868  10233  10495  10843  11133  11840  11908  12021  12157  12341  12479  12507  12626  13263  13485  13505  13786  14121  14556  16108  16141  16508  16643  16724  16846  17060  17114  17511  17993 
Cell#061  307.2  298.6   028 :   1495  1699  3445  4734  5003  6104  7304  9073  9309  9493  10227  11135  11233  11263  11282  11368  12343  12624  13278  14666  15487  15736  15801  15833  15919  16135  16844  17948 
Cell#062  315.8  229.7   007 :   1698  6105  7302  10228  12624  14662  16148 
Cell#063  321.6  255.5   030 :   238  309  1698  2067  2174  2355  3444  4728  4997  6103  7300  7754  8160  9073  10224  11131  12340  12627  13278  14123  14552  14666  15251  15378  15453  15741  15915  16133  16726  16850 
Cell#064  333.0  209.6   000 :  
Cell#065  344.5  272.8   002 :   1699  16143 
Cell#066  350.3  206.7   035 :   112  217  294  332  399  2288  2903  3655  3774  4740  4830  4942  6394  6442  7299  11133  12268  12623  12715  12749  12764  12972  14016  14667  14786  14899  15239  15306  15400  15526  15563  15733  15764  15919  16515 
Cell#067  358.9  278.5   000 :  
Cell#068  361.8  226.8   009 :   1693  3443  4745  7306  8173  9077  9491  10235  11135 
Cell#069  364.6  246.9   002 :   2722  3447 
Cell#070  381.9  246.9   006 :   1699  3445  10490  11137  12624  17730 
Cell#071  384.7  298.6   036 :   14  336  493  1113  1622  2211  2418  2444  2676  3195  3244  3436  4419  6061  6515  6694  7830  7987  8442  9314  9700  9900  11008  11310  11621  11790  12457  13086  14067  15843  15874  16041  16102  16788  16844  17126 
Cell#072  390.5  281.4   003 :   10353  12631  16142 
Cell#073  393.3  235.4   095 :   51  234  312  402  506  557  943  1022  1053  1101  1174  1265  1423  1489  1623  1698  1989  2067  2146  2169  2339  2420  2483  2708  2843  3088  3440  3775  3820  4024  4262  4722  4982  5582  5831  5985  6070  6105  6722  6814  6963  7009  7300  7747  7927  8111  8137  8169  8414  8502  8534  8605  8653  8794  8915  9046  9071  9255  9336  9485  9857  9887  9988  10218  10500  10739  11134  11382  11502  11919  12154  12337  12623  13111  13271  13835  14117  14184  14540  14672  15039  15244  15376  15484  15737  15799  15917  16136  16505  16621  16724  16845  17396  17804  17944 
Cell#074  396.2  215.3   000 :  
Cell#075  402.0  269.9   004 :   7302  11135  13268  16848 
Cell#076  407.7  246.9   012 :   2358  3167  3445  6099  7300  8163  12623  14669  15742  15801  15917  16843 
Cell#077  410.6  330.2   001 :   13556 
Cell#078  419.2  215.3   001 :   15432 
Cell#079  422.1  267.0   019 :   3444  3910  5118  5153  5180  5216  5253  5269  6063  9339  9446  12625  15633  15665  15717  15753  15802  16847  17098 
Cell#080  424.9  298.6   022 :   318  1702  3444  4333  4743  6101  7303  8172  9071  9494  10231  10740  11135  12348  12625  13279  14129  14668  15740  15920  16140  16845 
Cell#081  430.7  218.2   000 :  
Cell#082  436.4  238.3   000 :  
Cell#083  439.3  284.2   000 :  
Cell#084  447.9  221.1   003 :   6708  12615  16953 
Cell#085  450.8  275.6   001 :   3446 
Cell#086  459.4  235.4   094 :   56  143  187  311  442  1174  1246  1503  1638  1703  1966  2139  2340  2487  2799  2839  3445  3495  3680  3711  3775  4321  4734  4997  5060  5772  5996  6097  6948  7303  7477  7756  8129  8172  8847  9059  9086  9215  9264  9895  10000  10237  10515  10733  11134  11283  11494  12015  12180  12356  12626  12772  12828  12944  13279  13845  14035  14132  14520  14669  14736  14884  15045  15136  15386  15448  15579  15743  15816  15873  16000  16140  16228  16257  16290  16347  16417  16485  16566  16612  16705  16791  16844  16895  16982  17030  17078  17162  17193  17253  17358  17484  17586  17654 
Cell#087  462.2  264.1   015 :   1702  3446  4745  6106  7304  8167  10233  11135  12627  13282  14667  15742  15920  16146  16845 
Cell#088  465.1  246.9   005 :   1701  4743  7304  12626  14669 
Cell#089  473.7  298.6   000 :  
Cell#090  482.3  252.7   044 :   310  1482  1615  1701  1984  2067  2164  2346  3433  4721  5970  6094  7305  7746  8130  8169  9047  9071  9337  9481  9852  10218  10500  10734  11125  12338  12626  13269  14109  14532  14669  15239  15379  15742  15914  16134  16504  16617  16726  16844  17681  17794  17952  17969 
Cell#091  485.2  275.6   011 :   311  1340  1456  3434  11143  12629  13279  13837  16493  16640  16824 
Cell#092  499.6  269.9   000 :  
Cell#093  508.2  235.4   018 :   2381  2486  2692  3443  3660  4720  4735  5636  8171  9891  10230  12331  12501  13279  14621  16079  16841  17232 
Cell#094  516.8  281.4   001 :   4329 
Cell#095  522.5  238.3   000 :  
Cell#096  534.0  206.7   000 :  
Cell#097  539.8  238.3   000 :  
Cell#098  548.4  186.6   000 :  
Cell#099  557.0  249.8   092 :   53  161  311  504  1221  1286  1401  1500  1604  1700  2067  2178  2353  2485  2571  2795  3089  3438  3665  3773  3818  4213  4723  4746  4982  5036  5585  5983  6076  6098  6811  6965  7217  7302  7495  7757  8048  8105  8153  8170  8336  8670  8828  8947  9038  9075  9338  9486  9840  9899  9995  10229  10392  10488  10519  10736  11132  11288  11377  11906  12143  12340  12502  12625  13269  13587  13811  14112  14382  14536  14671  14902  15034  15237  15377  15463  15576  15740  15822  15917  16011  16141  16504  16611  16632  16725  16844  17001  17104  17659  17796  17949 
Cell#100  562.7  232.6   000 :  
Cell#101  562.7  166.5   000 :  
Cell#102  574.2  223.9   000 :  
Cell#103  574.2  241.2   000 :  
Cell#104  585.7  201.0   000 :  
Cell#105  588.6  186.6   029 :   316  1699  2515  3448  4750  6104  7306  8181  9085  9472  10233  11141  11405  12629  13277  14670  15199  15293  15390  15436  15505  15608  15635  15674  15744  15848  15924  16144  16844 
Cell#106  591.4  146.4   129 :   43  153  234  309  432  501  671  834  958  1049  1144  1213  1395  1486  1602  1698  1908  2066  2267  2350  2484  2566  2682  2792  2900  3023  3093  3189  3313  3402  3445  3574  3663  3767  3814  3909  3957  4018  4114  4209  4266  4325  4427  4549  4668  4711  4746  4910  4978  5051  5165  5266  5418  5514  5581  5645  5729  5831  5952  6066  6248  6362  6434  6480  6610  6700  6809  6929  6965  7146  7220  7298  7444  7541  7645  7732  7833  7933  8014  8079  8148  8314  8419  8514  8595  8667  8768  8822  9030  9072  9196  9266  9321  9449  9489  9565  9670  9836  9913  9989  10107  10194  10229  10381  10495  10618  10721  10894  11001  11115  11134  11289  11377  11466  11611  11762  11908  12142  12340  12627  13267  14113  14541  14669  15920  16142  16846  17954  17971 
Cell#107  597.2  223.9   000 :  
Cell#108  602.9  203.8   000 :  
Cell#109  608.7  195.2   006 :   3446  7305  10235  15925  16138  16847 
Cell#110  608.7  215.3   000 :  
Cell#111  611.5  281.4   000 :  
Cell#112  620.2  183.8   000 :  
Cell#113  623.0  149.3   000 :  
Cell#114  628.8  229.7   004 :   1622  6109  8029  12519 
Cell#115  628.8  241.2   000 :  
Cell#116  628.8  134.9   002 :   13292  16142 
Cell#117  634.5  212.5   000 :  
Cell#118  634.5  178.0   001 :   13278 
Cell#119  637.4  189.5   045 :   1494  1699  2178  2494  3442  3821  4729  7305  7758  8086  8172  9079  10227  11130  11501  12341  12502  12624  13111  13268  13286  13813  13936  14106  14540  14609  14670  14821  15034  15240  15380  15479  15803  15912  16145  16505  16619  16726  16842  16959  17140  17390  17484  17804  17948 
Cell#120  651.7  201.0   001 :   14821 
Cell#121  654.6  166.5   048 :   47  148  245  317  1701  2068  2354  2422  2491  3443  4741  6070  6106  6937  7304  7761  8157  8938  9045  9071  9490  10234  10719  11134  11375  11491  11819  12158  12625  13265  14524  14668  15030  15152  15243  15380  15568  15662  15730  15911  16137  16611  16735  16842  16859  17672  17800  17945 
Cell#122  663.2  155.0   000 :  
Cell#123  671.8  178.0   000 :  
Cell#124  680.4  206.7   000 :  
Cell#125  691.9  140.7   000 :  
Cell#126  697.7  166.5   000 :  
Cell#127  709.2  160.8   010 :   411  501  3794  6420  11374  13169  15205  15214  15239  15308 
