Total No of Frames = 18000  (1 frame = 10 msec)

Cell No.   X      Y    N_Spikes  Frames
Cell#001  155.0  114.8   021 :   2279  3361  3498  3686  5305  8472  11027  12522  12914  13354  13456  13682  14077  14831  15469  15710  15923  16237  16670  17084  17268 
Cell#002  157.9  091.9   026 :   476  660  3035  3718  4107  4866  5776  6079  6431  7132  8470  11164  11322  12281  13178  13683  14342  14402  15200  15934  16377  16485  16698  16939  17245  17473 
Cell#003  169.4  080.4   067 :   135  536  878  1028  1150  3148  3317  3360  3381  3414  3946  4145  4516  4547  4700  4795  5048  5343  5360  5481  5606  5793  6173  6410  6571  6909  7142  7329  7519  8316  8519  9047  9202  9476  9533  9625  9862  9976  10378  10750  10802  11083  11184  11531  11640  11689  11923  12232  12468  12613  12666  12725  12854  13174  13532  13584  15031  15283  15335  15630  15839  16042  16385  16566  16598  16978  17499 
Cell#004  175.1  132.1   000 :  
Cell#005  183.8  080.4   033 :   146  354  1187  1590  1969  2889  3158  3598  4176  4546  5488  7602  7750  8513  9057  9320  10045  10809  11237  12424  13285  13633  14074  14182  14537  14869  14939  15046  15418  16936  17324  17511  17679 
Cell#006  186.6  109.1   000 :  
Cell#007  195.2  063.2   012 :   329  675  4082  4334  4949  14601  14823  14882  15075  15472  15507  15915 
Cell#008  201.0  100.5   046 :   1231  2462  2924  4144  4946  4994  5947  6235  6373  7092  7268  7592  7918  7997  8409  8544  8610  8847  9261  9953  10826  10961  11634  11869  12231  12658  12831  12995  13379  13476  13761  14012  14129  14556  14800  15029  15433  15475  15836  16103  16208  16491  17125  17378  17691  17845 
Cell#009  203.8  114.8   004 :   2661  3484  8190  12980 
Cell#010  206.7  089.0   005 :   1548  1604  1831  2075  4155 
Cell#011  218.2  097.6   012 :   3609  4244  5815  6446  7464  9738  11867  12562  12890  13023  13437  16869 
Cell#012  218.2  034.5   042 :   145  466  3275  3419  3606  4097  4212  4520  5673  5873  6185  6492  6929  7165  7249  7997  8053  8190  8463  8674  8926  9035  9560  9639  10229  10428  10582  11491  11710  12231  12613  12783  12826  13023  13248  15293  15422  15839  16102  16327  16519  16745 
Cell#013  218.2  077.5   026 :   2236  2291  2448  2617  2792  3037  3312  3576  4391  5662  10447  11050  11691  12036  12966  13071  13160  13421  13610  14248  14315  15042  15459  15757  15925  16109 
Cell#014  218.2  063.2   003 :   12304  17448  17782 
Cell#015  226.8  045.9   017 :   2113  2427  2562  2737  3726  6680  7615  8670  9413  9558  9943  11088  14599  14621  15052  15086  15479 
Cell#016  238.3  031.6   003 :   10935  15495  16549 
Cell#017  238.3  100.5   000 :  
Cell#018  241.2  080.4   001 :   14322 
Cell#019  249.8  091.9   000 :  
Cell#020  252.7  068.9   000 :  
Cell#021  255.5  051.7   005 :   3284  4426  4552  6542  9436 
Cell#022  258.4  083.3   000 :  
Cell#023  269.9  089.0   002 :   1330  2207 
Cell#024  284.2  097.6   000 :  
Cell#025  287.1  074.6   000 :  
Cell#026  290.0  037.3   000 :  
Cell#027  298.6  086.1   000 :  
Cell#028  312.9  068.9   000 :  
Cell#029  324.4  045.9   005 :   3213  10572  16522  17510  17691 
Cell#030  327.3  080.4   001 :   13876 
Cell#031  335.9  068.9   001 :   15446 
Cell#032  341.7  040.2   002 :   12416  16200 
Cell#033  344.5  083.3   002 :   9945  11224 
Cell#034  350.3  094.7   000 :  
Cell#035  350.3  031.6   000 :  
Cell#036  356.0  017.2   000 :  
Cell#037  361.8  034.5   002 :   2364  3096 
Cell#038  364.6  083.3   000 :  
Cell#039  364.6  051.7   000 :  
Cell#040  373.2  097.6   000 :  
Cell#041  376.1  028.7   010 :   2839  2993  3207  3364  7896  8962  9848  11354  11981  13349 
Cell#042  381.9  040.2   007 :   2837  2991  3207  9425  13351  13914  14017 
Cell#043  384.7  051.7   000 :  
Cell#044  387.6  086.1   041 :   535  743  1231  2197  2266  2441  2758  2834  2997  3307  3459  3571  3828  4389  4663  5673  10225  10446  10554  10761  11032  11261  11472  11681  11843  12037  12664  13070  13150  13422  14247  14300  15044  15438  15724  15838  16022  16862  17062  17649  17903 
Cell#045  399.1  097.6   033 :   14  168  189  897  2564  2718  2751  2817  3037  3440  3681  3818  3912  5558  5683  6038  6296  6514  6953  7317  7608  8982  9155  10245  10432  11021  11711  13148  13445  15064  15166  15795  16048 
Cell#046  402.0  051.7   002 :   817  10899 
Cell#047  404.8  080.4   004 :   5397  7877  15477  15720 
Cell#048  413.4  063.2   000 :  
Cell#049  422.1  051.7   055 :   337  483  652  722  837  1046  1514  1906  2531  2748  2858  3043  3268  3631  3725  4158  4284  4453  5005  5530  5596  6074  6337  6765  7009  7406  7551  7607  8725  9603  9723  9829  10188  10411  10686  10898  11086  12211  12612  13364  13712  13934  14295  14424  15219  15682  15860  15948  16057  16203  16462  16882  17466  17643  17809 
Cell#050  436.4  074.6   000 :  
Cell#051  447.9  080.4   000 :  
Cell#052  447.9  106.2   000 :  
Cell#053  450.8  037.3   000 :  
Cell#054  450.8  054.6   000 :  
Cell#055  453.6  091.9   000 :  
Cell#056  459.4  077.5   000 :  
Cell#057  479.5  086.1   030 :   1062  1401  1610  1685  1777  1849  1925  1960  2109  4095  4686  5683  6292  6513  6795  7215  7520  8713  9556  9650  10249  10341  10567  10859  11272  11533  11893  12071  12235  12323 
Cell#058  482.3  100.5   008 :   1398  3735  6715  10715  12407  12544  15519  17098 
Cell#059  488.1  040.2   000 :  
Cell#060  493.8  083.3   000 :  
Cell#061  493.8  066.0   018 :   2716  3180  7198  7402  9272  12406  12611  12845  13057  14724  15044  15276  15447  15858  16757  16862  17637  17791 
Cell#062  499.6  097.6   000 :  
Cell#063  499.6  051.7   004 :   7198  9541  10958  12408 
Cell#064  505.3  109.1   015 :   1591  3223  7620  12421  12538  12908  13746  13936  14054  14128  14322  15064  15691  15741  16664 
Cell#065  511.1  051.7   000 :  
Cell#066  519.7  060.3   000 :  
Cell#067  525.4  037.3   000 :  
Cell#068  528.3  132.1   000 :  
Cell#069  531.2  100.5   000 :  
Cell#070  539.8  071.8   000 :  
Cell#071  542.6  114.8   000 :  
Cell#072  542.6  091.9   000 :  
Cell#073  551.3  100.5   001 :   14097 
Cell#074  557.0  057.4   000 :  
Cell#075  559.9  083.3   000 :  
Cell#076  571.3  068.9   000 :  
Cell#077  571.3  109.1   000 :  
Cell#078  574.2  160.8   000 :  
Cell#079  580.0  077.5   000 :  
Cell#080  582.8  120.6   000 :  
Cell#081  585.7  089.0   000 :  
Cell#082  585.7  149.3   000 :  
Cell#083  591.4  134.9   000 :  
Cell#084  602.9  166.5   001 :   1484 
Cell#085  605.8  109.1   003 :   2795  8857  17819 
Cell#086  614.4  143.6   000 :  
Cell#087  620.2  166.5   000 :  
Cell#088  623.0  183.8   000 :  
Cell#089  631.6  143.6   000 :  
Cell#090  631.6  132.1   000 :  
Cell#091  634.5  172.3   000 :  
Cell#092  646.0  192.4   000 :  
Cell#093  646.0  123.5   000 :  
Cell#094  648.9  203.8   000 :  
Cell#095  648.9  163.7   001 :   13680 
Cell#096  654.6  134.9   000 :  
Cell#097  660.4  152.2   001 :   13682 
Cell#098  660.4  212.5   000 :  
Cell#099  666.1  126.3   000 :  
Cell#100  669.0  160.8   000 :  
Cell#101  671.8  175.1   000 :  
Cell#102  677.6  186.6   000 :  
Cell#103  683.3  155.0   000 :  
Cell#104  694.8  215.3   000 :  
Cell#105  706.3  212.5   000 :  
