Total No of Frames = 18000  (1 frame = 10 msec)

Cell No.   X      Y    N_Spikes  Frames
Cell#001  005.7  146.4   010 :   800  1927  3253  7471  8870  9220  11600  11744  11775  14337 
Cell#002  005.7  126.3   004 :   3860  3894  14141  14180 
Cell#003  005.7  157.9   002 :   10761  15716 
Cell#004  011.5  109.1   000 :  
Cell#005  011.5  183.8   014 :   421  849  933  2080  2723  3808  5725  6412  7547  10484  11584  12255  14338  15943 
Cell#006  023.0  180.9   036 :   420  849  928  1329  1442  2010  2081  2101  2310  2724  3809  3984  5557  5725  5790  6012  6090  6247  6266  6411  6451  6488  6603  6730  7549  8094  8456  8487  8521  8659  8879  9148  10484  11585  12256  14337 
Cell#007  023.0  137.8   003 :   3976  7855  8696 
Cell#008  025.8  157.9   030 :   348  851  1275  2012  2250  2590  2692  2912  3808  4731  5170  6261  7484  8084  8155  8233  9175  9700  9735  9979  10660  10759  11073  11425  12080  14784  15714  15943  17670  17886 
Cell#009  028.7  120.6   113 :   217  425  593  635  920  945  982  1121  1148  1170  1708  2107  2129  2521  2678  2806  2915  2978  3156  3331  3703  3750  3930  4338  4636  4813  4847  5031  5051  5094  5150  5261  5788  6219  6257  6448  6524  6602  6729  6984  7063  7420  7714  7813  8062  8097  8164  8330  8362  8468  8530  8776  9008  9049  9087  9272  9339  9426  9698  9939  9960  10368  10395  10549  10660  10739  11098  11132  11483  11522  11554  11862  11890  11918  11955  12045  12288  12635  12647  12724  12742  12756  12782  12873  13046  13267  13419  13635  13948  14136  14188  14402  14670  14774  14892  15018  15131  15205  15261  15305  15802  15914  16178  16464  16595  16865  16993  17069  17211  17656  17787  17827  17876 
Cell#010  037.3  198.1   096 :   348  700  848  957  1038  1083  1124  1180  1249  1264  1277  1312  1351  1403  1462  1529  1608  1687  1755  1779  1863  1910  2000  2030  2153  2204  2260  2364  2405  2537  2570  2622  2703  2741  2794  2915  2954  3009  3118  3231  3346  3421  3495  3629  3711  3748  3755  3831  3858  3877  3948  4040  4179  4255  4342  4381  4473  4608  4661  4728  4843  4880  4966  4984  5055  5154  5415  5758  6057  6239  6984  7088  7238  7812  8276  8516  8608  8643  9187  9297  9702  9995  11081  12074  12110  13652  14156  14773  14914  15511  15941  16050  16155  16260  16908  17888 
Cell#011  040.2  180.9   000 :  
Cell#012  043.1  086.1   000 :  
Cell#013  043.1  163.7   001 :   2710 
Cell#014  045.9  103.4   001 :   11095 
Cell#015  048.8  143.6   035 :   485  510  884  1283  2222  2618  3833  4368  4973  5190  5681  6538  7024  7513  7534  8155  8230  8548  9202  9279  9998  10429  10692  11454  11816  11888  12343  13201  14165  14914  15963  16224  16618  16718  17392 
Cell#016  066.0  123.5   017 :   821  2718  3448  4916  5257  8731  8787  9341  9599  10574  10811  11685  13231  13355  13370  13969  13981 
Cell#017  071.8  183.8   047 :   73  156  249  613  745  821  1213  1405  1718  2198  2284  2930  3513  3809  5381  6280  6474  6890  6978  6996  7285  7780  7822  8608  8742  9060  9961  11032  11351  11559  11595  12066  12304  12405  12744  12997  13046  13294  13327  13588  14135  14405  14687  14773  15215  15491  17363 
Cell#018  071.8  137.8   002 :   2669  16915 
Cell#019  074.6  080.4   003 :   13610  13808  15256 
Cell#020  077.5  103.4   022 :   365  1766  2008  2255  2949  4028  4352  7487  8114  9726  9970  11429  11599  12307  12766  13048  13622  14155  15127  15965  16901  17382 
Cell#021  086.1  166.5   031 :   2581  2924  3757  4339  5606  6262  6283  6624  6980  7454  7487  8127  9158  9722  10397  10661  11426  12080  12134  12310  12746  13052  13637  14151  14777  15486  15832  15944  16221  16615  17644 
Cell#022  091.9  201.0   031 :   2013  2582  2685  2931  3861  3991  4345  4937  5148  5565  5766  5995  6258  6604  6700  6742  7194  7253  7294  7397  7455  7482  7667  7731  7871  8096  8520  9179  13057  14149  16913 
Cell#023  094.7  183.8   037 :   1293  2015  2042  2584  2684  2934  4344  4938  5566  5769  5856  5987  6085  6260  6360  6451  6514  6605  6624  6716  6807  6834  6859  7004  7197  7295  7456  7484  7733  7753  8096  8521  8658  9860  10026  10398  14148 
Cell#024  097.6  212.5   000 :  
Cell#025  097.6  120.6   000 :  
Cell#026  103.4  094.7   001 :   12305 
Cell#027  106.2  189.5   005 :   6690  6905  7396  9178  9339 
Cell#028  109.1  223.9   007 :   1096  3900  13582  14329  14840  15625  17691 
Cell#029  109.1  137.8   000 :  
Cell#030  112.0  169.4   064 :   849  1291  1442  2013  2313  2581  2686  2931  3988  4345  4937  5149  5567  5630  5670  5693  5736  5768  5809  5856  5880  5896  5913  5942  5991  6087  6260  6450  6502  6605  6743  6765  6805  6820  6834  6870  6930  6959  6981  6994  7195  7202  7257  7271  7296  7307  7455  7481  7563  7584  7670  7732  7767  7872  8095  8490  8519  8661  9179  10024  10398  13061  14151  16914 
Cell#031  112.0  152.2   001 :   8097 
Cell#032  114.8  235.4   009 :   1101  3898  9980  10398  13582  14329  14838  15625  17691 
Cell#033  117.7  198.1   008 :   897  7571  9968  11439  12119  12390  12422  17079 
Cell#034  126.3  160.8   001 :   6261 
Cell#035  129.2  264.1   000 :  
Cell#036  132.1  229.7   011 :   868  1091  1824  1960  7099  7213  7503  11455  13598  14883  15043 
Cell#037  132.1  120.6   061 :   849  1292  1441  2014  2315  2583  2686  2933  3989  4346  4936  5149  5564  5632  5670  5695  5735  5769  5809  5859  5897  5912  5944  5993  6085  6115  6258  6451  6503  6514  6605  6744  6768  6806  6821  6836  6871  6927  6958  6989  7196  7257  7273  7293  7456  7483  7562  7588  7669  7734  7872  8096  8491  8521  8661  9179  10025  10400  13061  14150  16912 
Cell#038  140.7  244.0   000 :  
Cell#039  146.4  212.5   000 :  
Cell#040  152.2  229.7   011 :   1793  3537  3682  3875  8515  11596  13608  14594  14979  16532  16911 
Cell#041  157.9  246.9   000 :  
Cell#042  166.5  275.6   000 :  
Cell#043  175.1  195.2   006 :   1826  7536  7612  9975  15493  15954 
Cell#044  178.0  238.3   000 :  
Cell#045  178.0  264.1   001 :   4975 
Cell#046  180.9  178.0   000 :  
Cell#047  192.4  261.3   011 :   1766  2778  2964  5160  6988  9340  10400  11588  12308  16713  16920 
Cell#048  201.0  298.6   003 :   485  1474  11721 
Cell#049  201.0  275.6   000 :  
Cell#050  201.0  235.4   001 :   5678 
Cell#051  203.8  215.3   000 :  
Cell#052  209.6  255.5   007 :   488  1472  1917  3982  7553  11723  11798 
Cell#053  218.2  298.6   000 :  
Cell#054  218.2  232.6   000 :  
Cell#055  232.6  290.0   001 :   12099 
Cell#056  235.4  267.0   005 :   1937  9061  9344  11656  13505 
Cell#057  246.9  281.4   039 :   16  1210  1326  1882  2415  3435  3823  4241  4591  4632  5216  5290  5392  6722  6787  7079  7423  7843  8311  8396  8593  9078  9389  9655  9819  9947  10759  11360  12405  12679  13092  13198  14126  14452  14632  14829  14927  16713  17788 
Cell#058  249.8  267.0   001 :   4239 
Cell#059  258.4  284.2   000 :  
Cell#060  264.1  249.8   002 :   1006  7588 
Cell#061  269.9  267.0   004 :   7649  7971  8510  16383 
Cell#062  275.6  235.4   000 :  
Cell#063  281.4  292.9   000 :  
Cell#064  287.1  267.0   000 :  
Cell#065  290.0  238.3   000 :  
Cell#066  298.6  275.6   000 :  
Cell#067  304.3  252.7   015 :   335  887  2700  3674  3859  5182  7849  10760  11814  13197  13251  14131  14852  16667  17917 
Cell#068  304.3  292.9   005 :   1767  5996  6260  11077  12749 
Cell#069  304.3  223.9   043 :   401  481  510  696  885  1284  2026  2214  2247  2263  2582  2603  2618  2637  3752  3835  4370  6300  6538  7027  7536  8202  8537  8637  9202  9315  9998  10428  10695  11471  11814  11886  12082  12343  14110  14832  15968  16006  16242  16720  17392  17496  17784 
Cell#070  310.1  241.2   000 :  
Cell#071  310.1  278.5   007 :   3223  5299  9041  9512  11309  16917  16977 
Cell#072  318.7  304.3   000 :  
Cell#073  318.7  267.0   001 :   3225 
Cell#074  321.6  238.3   008 :   214  407  611  1780  4488  9294  14091  14976 
Cell#075  327.3  290.0   001 :   15495 
Cell#076  327.3  312.9   000 :  
Cell#077  333.0  275.6   000 :  
Cell#078  341.7  290.0   002 :   2381  2468 
Cell#079  344.5  315.8   000 :  
Cell#080  356.0  284.2   000 :  
Cell#081  364.6  324.4   000 :  
Cell#082  364.6  258.4   001 :   16911 
Cell#083  367.5  278.5   001 :   16914 
Cell#084  373.2  241.2   001 :   16912 
Cell#085  373.2  264.1   001 :   16910 
Cell#086  373.2  301.5   000 :  
Cell#087  379.0  292.9   000 :  
Cell#088  384.7  272.8   000 :  
Cell#089  390.5  310.1   000 :  
Cell#090  393.3  232.6   000 :  
Cell#091  393.3  295.7   006 :   1773  8097  12066  12747  13638  16222 
Cell#092  399.1  249.8   003 :   1316  1395  12300 
Cell#093  399.1  275.6   015 :   1490  5145  6511  6575  8620  10948  12284  14615  15476  15980  16123  16199  16570  17369  17646 
Cell#094  407.7  287.1   001 :   17368 
Cell#095  416.3  255.5   010 :   1775  5146  8097  9965  10660  11745  12068  12746  13638  16222 
Cell#096  419.2  278.5   011 :   1492  1774  8096  9723  11600  12290  12745  13632  15983  16222  17368 
Cell#097  427.8  307.2   002 :   12746  13637 
Cell#098  430.7  264.1   000 :  
Cell#099  430.7  295.7   002 :   5028  16506 
Cell#100  436.4  246.9   020 :   3303  4836  6288  6623  8624  9262  9565  9738  9982  10685  10730  11443  11683  12077  12327  12645  14163  15062  15953  17015 
Cell#101  436.4  281.4   002 :   5030  16903 
Cell#102  442.1  295.7   000 :  
Cell#103  442.1  212.5   005 :   2764  3843  9819  11679  12802 
Cell#104  447.9  232.6   003 :   2278  6866  16613 
Cell#105  453.6  278.5   111 :   154  1259  5791  6042  6058  6154  6459  6849  6866  6967  7040  7376  7487  7645  7810  7844  7975  8033  8131  8170  8617  8968  9054  9124  9307  9519  9571  9701  9807  9960  10203  10308  10396  10410  10608  10663  10769  10871  10921  11031  11076  11101  11360  11421  11464  11694  11794  11884  11979  12068  12115  12291  12414  12513  12587  12716  12736  12930  13043  13080  13181  13236  13289  13381  13467  13553  13645  13900  14002  14131  14230  14292  14460  14549  14599  14670  14730  14774  14800  14830  15040  15269  15364  15477  15646  15736  15798  15851  15939  15963  16223  16421  16513  16562  16613  16684  16834  16893  16913  17004  17062  17185  17265  17331  17369  17559  17660  17716  17804  17878  17943 
Cell#106  468.0  232.6   039 :   599  655  823  1327  1729  2125  2556  2813  3141  3532  3865  4674  4834  5074  5136  5835  6481  7242  8153  8696  8854  9305  9360  9402  9412  9651  9800  10794  11536  11567  12234  12512  13249  14242  15021  15819  16532  16920  17972 
Cell#107  476.6  267.0   009 :   2092  2220  3750  6273  6619  9327  10425  11096  11921 
Cell#108  476.6  292.9   045 :   538  1268  1843  2220  2583  2921  3468  3752  4339  4907  4966  5004  5175  5675  6272  6619  7490  8105  8195  8676  9217  9331  9988  10426  11096  11484  11694  12073  12333  12418  12745  12761  13052  13457  13552  13644  13696  14150  14296  15609  15947  15972  16903  17010  17656 
Cell#109  482.3  327.3   000 :  
Cell#110  482.3  281.4   013 :   3631  4907  6864  8338  9415  9772  11922  12461  13371  14603  16918  17579  17984 
Cell#111  482.3  252.7   050 :   477  1260  2075  2775  2855  2944  3530  3681  4862  4901  5198  6258  6320  6456  6603  6979  7686  7741  8349  8448  8473  8514  8623  9333  9961  10441  10539  11597  11796  11880  13049  13419  13471  13544  13634  14137  14380  14948  15494  15835  15911  16032  16066  16664  16737  16914  17367  17533  17908  17987 
Cell#112  488.1  264.1   048 :   481  2075  2777  2944  3631  4861  4906  5197  6260  6318  6456  6603  6864  6978  7000  7689  7741  8334  8445  8516  8624  9333  9413  9709  9773  9960  10442  11597  11796  11881  12461  13054  13371  13418  13472  13546  13636  14135  14604  14944  15492  15835  15908  16036  16666  16737  16917  17985 
Cell#113  491.0  318.7   044 :   106  348  554  661  850  942  1100  1808  1924  1980  2013  2044  2255  2687  2915  3457  3571  3866  4338  4420  5160  5286  6376  7025  7547  7711  8096  8240  8721  9247  9767  9961  10661  11077  11495  11590  12105  12342  12931  13416  13598  13637  14133  17439 
Cell#114  493.8  195.2   036 :   1858  1988  2933  3453  3787  4339  4393  4899  5325  6300  7420  8618  8659  9515  9767  9960  11028  11808  12744  13336  13478  13639  13982  14043  14137  14834  15868  16199  16573  16812  16840  16920  17007  17406  17613  17830 
Cell#115  493.8  246.9   004 :   6580  8630  14490  16723 
Cell#116  499.6  292.9   026 :   849  1770  2013  2247  2586  2920  3545  4342  4997  5168  7733  8107  8534  9179  9355  10399  11075  11433  12078  12310  12429  13059  14337  15936  16623  17367 
Cell#117  502.4  172.3   033 :   846  3898  3997  4352  7291  7792  7814  8253  8269  9453  9466  9478  9540  9579  9655  9804  9977  11354  12079  12097  12489  12633  12830  13068  13184  13614  13870  14290  15532  15980  16159  16919  17908 
Cell#118  505.3  218.2   006 :   6065  7619  9337  13048  14137  14204 
Cell#119  505.3  244.0   002 :   9390  17091 
Cell#120  516.8  281.4   000 :  
Cell#121  519.7  241.2   008 :   1280  2017  6988  11954  13054  13618  14133  17072 
Cell#122  519.7  226.8   013 :   2144  4337  4887  5153  6523  6989  11953  12219  13056  13618  14131  14883  17073 
Cell#123  528.3  212.5   001 :   12552 
Cell#124  528.3  255.5   002 :   13051  13597 
Cell#125  528.3  183.8   050 :   400  594  623  1774  1983  2034  2216  2585  2611  2625  2667  2758  3472  3601  3785  3838  3864  3894  4343  4377  4429  4915  5032  5902  6985  8224  8629  9311  9517  9735  10720  10759  10811  10847  11075  11585  11689  11831  12094  12312  12558  12629  12747  14015  14141  14333  16155  16231  16674  17207 
Cell#126  534.0  241.2   001 :   13605 
Cell#127  542.6  258.4   002 :   13608  16233 
Cell#128  542.6  281.4   001 :   16233 
Cell#129  551.3  238.3   000 :  
Cell#130  551.3  267.0   001 :   14357 
Cell#131  557.0  252.7   020 :   14  3084  3577  3752  3865  3885  4346  4630  5041  5682  6785  9819  11587  11607  12406  13198  13333  14334  14832  15579 
Cell#132  559.9  201.0   066 :   362  398  413  534  618  897  928  960  1093  1227  1277  1979  2006  2258  2870  2995  3593  3642  3700  3911  3930  4759  4776  4822  4885  5220  5270  7030  7044  7215  7576  7855  7899  8196  8615  8836  9328  10003  10021  10507  10668  11697  11812  11830  12116  12179  12270  12754  13110  13415  13647  13662  13672  13969  14119  14480  14538  14593  14792  14891  14917  14927  15906  16603  16694  17783 
Cell#133  568.5  249.8   004 :   9341  13638  16733  17480 
Cell#134  568.5  267.0   037 :   13  475  704  885  934  1700  2665  3084  3577  3750  3891  4341  4606  4632  5044  5212  5681  6788  7482  8468  8591  9214  9820  10462  11360  11609  12405  13197  13335  14635  14832  15578  15999  16121  16712  17896  17969 
Cell#135  571.3  226.8   060 :   534  615  896  925  956  1091  1227  1277  1915  1980  2010  2995  3698  3909  3925  4776  4823  5220  5269  7214  7290  7348  7577  7867  8194  8614  8837  9329  9982  10004  10028  10506  10669  11695  11815  11829  12179  12269  12754  13071  13109  13414  13624  13647  13658  13673  13970  14118  14479  14535  14556  14587  14786  14915  15908  16598  16694  17383  17783  17977 
Cell#136  577.1  241.2   007 :   1918  7866  9732  9982  12754  13072  17383 
Cell#137  577.1  201.0   044 :   586  1763  1895  2575  2646  3497  3829  3950  4333  4745  5662  6332  7482  7543  7777  7836  8097  8219  8859  9034  9174  9733  9767  9960  10761  10843  11076  11423  11818  11897  12066  12152  12574  12753  13047  13076  14141  14227  14293  14852  15490  15940  16224  17786 
Cell#138  582.8  275.6   000 :  
Cell#139  585.7  178.0   025 :   1027  1407  1501  3512  4420  4464  4848  5085  5215  5298  6052  7913  8914  9798  9959  11393  12276  13042  13206  15533  16423  16672  17146  17218  17856 
Cell#140  585.7  215.3   053 :   532  670  1258  1671  1766  1922  2144  2913  3114  3438  3807  3860  3971  4257  4340  4937  5142  5209  6411  6597  7098  7483  7552  8101  8228  8658  9729  9962  10397  11076  11425  11698  11943  12066  12220  12307  12384  12707  12753  13050  13484  13634  14142  14182  14487  14523  14987  15492  15940  16172  16220  16916  17086 
Cell#141  588.6  235.4   051 :   530  668  1259  1674  1767  1924  2141  2586  2601  2916  3068  3115  3437  3808  3861  3973  4258  4340  4938  5210  6413  6595  7099  7484  8103  8228  8655  9730  9961  10397  11076  11436  11698  11941  12067  12221  12307  12384  12706  12754  13053  13631  14145  14180  14989  15495  15943  16174  16221  16914  17085 
Cell#142  591.4  198.1   095 :   419  706  785  970  1079  1168  1228  1748  1851  1968  2212  2252  2271  2828  2881  2899  2997  3131  3467  3751  3880  3926  4030  4682  4727  4831  4884  4948  4973  5004  5033  5096  5221  5278  5547  5668  5888  6461  6554  6983  7216  7248  7722  7739  7860  7885  7900  8115  8203  8509  8665  8778  8835  9179  9288  9328  9344  9700  9961  10451  10588  10606  10626  10822  10944  11070  11435  11593  11689  12078  12178  13319  13468  13597  13639  13691  14000  14120  14425  14481  14536  14770  14916  15520  15961  16241  16605  16720  16741  16884  16905  17013  17217  17422  17663 
Cell#143  600.1  183.8   077 :   77  1251  1712  1927  2010  2253  2290  2317  2346  2792  2914  3174  3347  3464  3476  3515  3854  4013  4386  4691  4948  5356  5893  6231  6301  6380  6603  7497  7752  7819  7874  8098  8499  8615  8655  8723  9298  9527  9693  9847  10318  10460  10825  10866  11050  11795  11976  12003  12345  12452  12492  12714  12794  13637  13892  13968  14010  14467  14681  15132  15268  15289  15571  16069  16463  16474  16558  16672  16906  17074  17100  17146  17245  17511  17538  17748  17762 
Cell#144  602.9  226.8   004 :   1929  2749  2980  13594 
Cell#145  602.9  209.6   005 :   1930  2979  3859  13595  13635 
Cell#146  611.5  172.3   000 :  
Cell#147  614.4  192.4   010 :   1452  2065  2686  6774  9178  9210  9268  10413  10977  12355 
Cell#148  620.2  209.6   120 :   346  360  375  416  440  478  499  652  842  861  1265  1284  1452  1765  1777  1793  1808  2066  2255  2350  2522  2583  2615  2636  2650  2670  2687  2748  3543  3554  3565  3579  3601  3608  3616  3635  3746  3763  3838  3863  3897  4305  4341  4397  4421  4471  4492  4553  5001  5101  5155  5559  5571  5585  6265  6299  6721  6982  7008  7045  7309  7487  7890  8105  8125  8167  8190  8607  8887  9173  9189  9261  9704  9724  9767  9961  9991  10113  10411  10622  10663  10981  11081  11429  11494  11599  12079  12132  12351  12750  13062  13594  13643  13695  14097  14135  14228  14293  14379  14774  14848  14885  14932  15034  15242  15494  15568  15607  15849  15959  16615  16629  16639  16680  16752  16773  17132  17365  17884  17898 
Cell#149  620.2  235.4   003 :   3858  7304  11596 
Cell#150  625.9  258.4   005 :   6540  7306  11597  14325  16728 
Cell#151  625.9  163.7   001 :   13048 
Cell#152  628.8  189.5   065 :   48  485  506  526  617  849  1453  1929  2248  2578  2696  2747  3693  4046  4343  4442  4991  5069  5084  5167  6512  6932  7239  7484  7614  7677  7977  8231  8488  8769  8785  9421  9836  9916  10394  10984  11075  11218  11422  11576  11942  11958  12265  12431  12455  12954  13049  13397  13425  13542  13581  14246  14259  14812  15042  15397  15494  15838  15941  16675  16922  16939  17367  17423  17871 
Cell#153  631.6  229.7   011 :   11101  11424  11491  11569  12741  13050  13633  13699  14788  15492  15941 
Cell#154  634.5  203.8   062 :   46  86  506  527  616  848  1454  1928  2247  2578  2695  2749  3694  4046  4442  4996  5071  5087  5168  6510  6932  7238  7485  7616  7678  7978  8234  8488  8767  8784  9421  9837  9917  10395  10985  11074  11217  11423  11578  11944  12265  12431  12453  12954  13049  13187  13398  13543  13577  14246  14812  15042  15398  15495  15840  15938  16674  16922  16938  17368  17425  17871 
Cell#155  643.1  221.1   006 :   2697  6933  13050  13184  16923  17204 
Cell#156  646.0  183.8   006 :   7893  8201  9306  9962  11603  17369 
Cell#157  654.6  212.5   006 :   2631  7894  9307  9962  13681  17372 
