Total No of Frames = 18000  (1 frame = 10 msec)

Cell No.   X      Y    N_Spikes  Frames
Cell#001  008.6  252.7   008 :   5083  9326  10229  12658  13769  14825  15740  16490 
Cell#002  008.6  221.1   112 :   79  468  488  542  565  1321  1440  1522  1942  1983  2040  2685  2707  2741  2766  3030  3457  3487  3532  3786  4134  4179  4457  4885  5071  5479  5496  5530  5594  5974  6435  6456  6493  6556  6675  7039  7085  7595  7722  7775  8127  8141  8200  8216  8237  8830  8921  8931  9337  9363  9386  9424  9447  9908  9955  9978  10038  10132  10721  10731  10742  10755  10780  10800  10821  10839  10915  10927  10940  11136  11673  11708  11764  11837  12218  12245  12291  12312  12374  12451  12657  13152  13171  13195  13232  13260  13315  13434  13757  13821  13858  14315  14531  14558  14645  14823  15233  15296  15403  15740  15920  16479  16548  16565  16663  16696  16940  16989  17020  17186  17267  17712 
Cell#003  014.4  209.6   011 :   1314  2683  4433  5471  8126  9332  9900  11672  12655  13758  16483 
Cell#004  017.2  304.3   008 :   2112  2863  5084  6620  11814  12657  15741  16693 
Cell#005  017.2  235.4   011 :   1316  2684  3456  6465  7359  7595  9329  12656  13155  13763  15740 
Cell#006  017.2  264.1   004 :   5079  9321  12657  13762 
Cell#007  023.0  201.0   039 :   465  1149  1213  1322  1938  2684  3459  4435  5084  5470  5531  5778  6433  8129  9330  9383  9896  10035  10231  10722  10784  11675  12215  12656  13151  13205  13277  13762  13821  14125  14261  14499  14814  15013  15420  15928  16479  17180  17687 
Cell#008  043.1  155.0   052 :   1338  1940  2689  3459  3629  4462  5084  5502  6433  7595  8139  9331  9425  9902  9967  10725  10786  10937  11107  11679  11729  12231  12317  12351  12464  12658  13152  13760  14025  14255  14503  14795  14997  15225  15317  15630  15738  15978  16051  16150  16480  16553  16606  16694  16805  16934  16975  17019  17201  17269  17547  17684 
Cell#009  045.9  235.4   008 :   5083  9331  9900  10725  11682  12657  15740  16487 
Cell#010  045.9  172.3   017 :   473  1322  1941  2689  3456  7595  8126  9329  9898  10717  11680  12654  13461  13759  15740  16478  17683 
Cell#011  048.8  284.2   006 :   7594  9327  11671  12658  13768  16489 
Cell#012  051.7  146.4   018 :   479  1337  1989  2691  3477  5085  7040  7594  9324  9905  12658  13764  14527  14829  15741  15929  16530  17199 
Cell#013  051.7  206.7   003 :   9333  10232  15232 
Cell#014  057.4  269.9   013 :   4482  5081  5536  7596  10233  11682  12658  14648  15738  16479  16586  17534  17761 
Cell#015  060.3  301.5   006 :   1499  5081  9339  11683  12656  15741 
Cell#016  060.3  175.1   010 :   2686  3114  8127  9333  9897  10721  12658  15742  15924  16489 
Cell#017  066.0  146.4   025 :   459  1318  1943  2091  2684  3108  3458  4878  5084  5467  6432  7595  9329  9899  10725  10938  11672  12214  12657  13767  15740  16481  17390  17538  17678 
Cell#018  068.9  166.5   028 :   1322  1938  2683  3455  3589  4460  5084  5470  5533  7596  8127  8828  9334  9904  9941  10233  11677  12658  13760  14494  15018  15227  15419  15740  16480  16694  17192  17537 
Cell#019  071.8  215.3   003 :   1950  3102  16481 
Cell#020  074.6  123.5   007 :   2085  3485  8224  9966  14295  14541  16489 
Cell#021  080.4  160.8   018 :   463  1938  2687  3458  5086  5468  7596  9330  9898  10231  10720  10940  12658  13759  15010  15632  15740  16481 
Cell#022  080.4  241.2   002 :   12657  15734 
Cell#023  083.3  203.8   002 :   11675  12656 
Cell#024  086.1  140.7   014 :   2691  3524  3812  4920  5082  5535  6432  7596  7731  11123  11681  12658  15736  16479 
Cell#025  089.0  109.1   005 :   7077  12660  13769  15740  16489 
Cell#026  094.7  235.4   002 :   2690  5078 
Cell#027  097.6  132.1   000 :  
Cell#028  097.6  163.7   016 :   461  1322  1942  2685  2704  3112  4453  5078  5469  5786  8143  9326  9894  12657  13768  16487 
Cell#029  103.4  272.8   001 :   13768 
Cell#030  106.2  106.2   019 :   464  1321  1935  2711  5470  8159  9330  9900  10719  12235  12659  13151  13763  14525  15740  15930  16477  16933  17191 
Cell#031  117.7  206.7   029 :   73  2119  2820  4488  4597  5062  5082  7266  7406  8235  8592  8833  8902  9497  9899  10011  10222  10721  12657  13197  13430  13799  14555  15268  15924  16488  16520  16546  17212 
Cell#032  120.6  100.5   001 :   12658 
Cell#033  120.6  172.3   003 :   3110  8125  12653 
Cell#034  126.3  126.3   000 :  
Cell#035  129.2  146.4   004 :   7596  12657  15740  16487 
Cell#036  143.6  117.7   055 :   43  464  511  635  1319  1409  1502  1942  2055  2683  2726  2788  2895  3113  3147  3481  3514  3812  4460  5026  5085  5470  5532  5568  5978  6435  6490  6686  7653  8129  8547  8813  9339  9906  10102  10736  10805  10943  11674  12215  12234  12343  12657  13155  13760  13856  14819  15011  15739  16056  16489  16533  16549  17704  17751 
Cell#037  155.0  137.8   000 :  
Cell#038  160.8  109.1   020 :   2004  2683  2975  5079  6435  7108  9331  9386  9900  10942  11671  11726  12242  12453  12656  14489  15738  16551  17184  17420 
Cell#039  160.8  071.8   003 :   9329  12658  13766 
Cell#040  163.7  229.7   000 :  
Cell#041  166.5  091.9   076 :   463  832  1321  1942  2680  3026  3110  3454  3591  3791  3992  4132  4431  4878  4999  5084  5466  5775  5960  6434  6469  7042  7286  7367  7595  7653  7716  8128  8323  8550  8816  9328  9412  9465  9576  9899  10231  10721  10929  11101  11674  12217  12358  12452  12551  12656  13155  13200  13235  13331  13435  13759  13807  13831  14020  14110  14251  14380  14488  14649  14797  14995  15221  15319  15407  15738  15909  15990  16045  16479  16696  16934  17184  17391  17534  17676 
Cell#042  169.4  129.2   000 :  
Cell#043  175.1  086.1   000 :  
Cell#044  175.1  180.9   000 :  
Cell#045  178.0  212.5   002 :   5083  12660 
Cell#046  178.0  060.3   006 :   5085  12222  12659  13770  15740  16489 
Cell#047  183.8  249.8   035 :   459  1318  1939  2689  3030  3111  3457  4139  4432  5086  5471  6434  7365  7596  8127  8818  8923  9327  9905  10232  10721  11673  12220  12657  13154  13438  13758  14646  14795  15739  16470  16926  17537  17692  17764 
Cell#048  186.6  235.4   001 :   2819 
Cell#049  192.4  178.0   000 :  
Cell#050  192.4  100.5   104 :   33  71  172  469  569  629  719  1320  1343  1408  1448  1956  1995  2014  2069  2684  2787  3459  3513  4140  4430  4445  4468  4501  4651  5022  5084  5466  5486  5528  5560  5781  6434  6520  7042  7067  7364  7597  7681  8126  8193  8415  8846  8922  9330  9393  9425  9897  9918  9936  10018  10125  10233  10722  10753  10809  10940  11676  11721  11852  12217  12450  12657  13155  13198  13221  13437  13460  13761  13830  13958  14114  14380  14517  14546  14670  14795  14846  15020  15244  15312  15423  15628  15738  15924  15965  15992  16043  16139  16481  16530  16659  16702  16956  16991  17017  17194  17216  17272  17389  17537  17592  17687  17736 
Cell#051  195.2  155.0   003 :   7594  12659  16474 
Cell#052  206.7  063.2   000 :  
Cell#053  206.7  132.1   010 :   1315  2682  5085  6438  8128  11675  12657  13152  13770  15739 
Cell#054  218.2  066.0   000 :  
Cell#055  221.1  160.8   001 :   12659 
Cell#056  223.9  178.0   000 :  
Cell#057  226.8  120.6   030 :   456  1318  1936  2684  3112  3458  4429  5085  5470  6434  7041  7597  8132  9332  9897  10233  10718  11674  12658  13155  13763  14650  15740  15923  16481  16696  17189  17393  17691  17764 
Cell#058  241.2  103.4   000 :  
Cell#059  241.2  060.3   001 :   12657 
Cell#060  241.2  229.7   001 :   12653 
Cell#061  249.8  160.8   028 :   727  1513  2085  3811  4560  5573  7155  7599  7648  7697  8181  8265  8895  10740  10963  11049  11673  12303  12344  12658  14386  14548  14654  15738  16526  16548  16573  17767 
Cell#062  252.7  083.3   001 :   9332 
Cell#063  252.7  223.9   028 :   1313  1941  2682  3106  3454  5083  5472  5777  5964  6435  7043  7367  7598  8133  9327  9907  10228  10722  11673  12217  12658  13150  13766  14647  15233  15416  15740  16479 
Cell#064  255.5  206.7   003 :   9336  11672  12657 
Cell#065  255.5  057.4   000 :  
Cell#066  258.4  097.6   002 :   10720  13759 
Cell#067  264.1  048.8   000 :  
Cell#068  269.9  175.1   018 :   1320  3110  3461  5085  5466  6435  7594  8127  9329  9904  10234  10724  11667  12656  13762  14650  15740  16485 
Cell#069  278.5  045.9   020 :   459  1313  1944  2685  3113  3448  5084  5473  6433  7041  7596  8822  9329  9898  10721  11667  12205  12657  13768  16479 
Cell#070  292.9  212.5   001 :   16480 
Cell#071  295.7  089.0   002 :   13760  16481 
Cell#072  298.6  183.8   002 :   12657  16479 
Cell#073  298.6  040.2   000 :  
Cell#074  301.5  066.0   259 :   19  54  145  190  237  332  450  479  499  546  583  632  721  766  810  907  950  1001  1108  1174  1220  1257  1334  1378  1441  1496  1580  1773  1844  1924  1957  2010  2097  2130  2220  2269  2399  2503  2550  2583  2612  2639  2685  2741  2770  2835  2863  2891  2939  2982  3073  3100  3145  3224  3327  3471  3525  3561  3620  3701  3772  3800  3851  3933  3970  4081  4111  4146  4168  4206  4300  4365  4521  4645  4716  4774  4850  5023  5106  5269  5299  5378  5467  5489  5504  5518  5533  5547  5673  5806  5873  5988  6106  6176  6274  6323  6390  6432  6475  6616  6637  6679  6823  6931  7042  7093  7158  7218  7290  7365  7416  7621  7639  7662  7741  7817  7980  8021  8098  8195  8282  8359  8418  8518  8543  8572  8694  8760  8829  8889  8926  8971  9092  9129  9174  9289  9340  9364  9440  9482  9591  9788  9842  9901  9928  10069  10103  10136  10232  10314  10375  10452  10578  10653  10741  10901  11042  11115  11216  11291  11319  11391  11449  11500  11549  11613  11701  11756  11808  11866  11924  12011  12071  12128  12177  12239  12266  12339  12380  12546  12573  12636  12702  12788  12843  12931  13009  13066  13108  13146  13222  13326  13361  13419  13464  13511  13639  13715  13796  13878  13913  13963  14015  14056  14103  14156  14247  14312  14381  14500  14628  14666  14812  14863  14894  14991  15103  15185  15284  15413  15505  15607  15718  15773  15826  15857  15909  15982  16032  16161  16265  16310  16346  16420  16477  16510  16548  16665  16745  16794  16847  16927  16960  16999  17089  17185  17239  17323  17370  17421  17478  17529  17584  17634  17685  17709  17787  17834  17944 
Cell#075  307.2  097.6   002 :   1938  16482 
Cell#076  310.1  114.8   002 :   1943  12657 
Cell#077  315.8  071.8   000 :  
Cell#078  315.8  152.2   001 :   12653 
Cell#079  321.6  137.8   000 :  
Cell#080  327.3  117.7   000 :  
Cell#081  335.9  077.5   000 :  
Cell#082  350.3  020.1   000 :  
Cell#083  353.1  157.9   001 :   13764 
Cell#084  358.9  106.2   003 :   1321  2682  13761 
Cell#085  358.9  178.0   000 :  
Cell#086  358.9  080.4   000 :  
Cell#087  367.5  143.6   000 :  
Cell#088  376.1  120.6   000 :  
Cell#089  384.7  097.6   001 :   3113 
Cell#090  390.5  143.6   001 :   17531 
Cell#091  390.5  114.8   001 :   12660 
Cell#092  402.0  068.9   001 :   9330 
Cell#093  413.4  083.3   000 :  
Cell#094  427.8  149.3   001 :   9326 
Cell#095  430.7  175.1   001 :   9897 
Cell#096  436.4  060.3   000 :  
Cell#097  439.3  103.4   010 :   3113  7592  10232  11675  12587  12658  13426  14135  14643  16925 
Cell#098  442.1  155.0   000 :  
Cell#099  442.1  183.8   008 :   3105  5086  9333  11679  12658  13760  15741  16488 
Cell#100  450.8  120.6   000 :  
Cell#101  453.6  091.9   002 :   1320  11671 
Cell#102  453.6  057.4   000 :  
Cell#103  459.4  074.6   000 :  
Cell#104  468.0  106.2   001 :   7592 
Cell#105  468.0  172.3   000 :  
Cell#106  482.3  123.5   001 :   12651 
Cell#107  499.6  051.7   005 :   7598  9331  9898  10234  12658 
Cell#108  505.3  178.0   001 :   5468 
Cell#109  505.3  137.8   001 :   13760 
Cell#110  516.8  054.6   001 :   12660 
Cell#111  528.3  267.0   015 :   466  1320  1941  2675  3453  5471  6432  7037  7597  8125  9327  9895  10719  12216  16479 
Cell#112  528.3  123.5   001 :   12655 
Cell#113  536.9  246.9   030 :   2128  2678  2997  3580  3658  4119  5479  5797  6433  7058  9339  10718  10916  11698  12226  13148  13767  13984  14590  14804  15289  15609  15930  16059  16628  16792  16918  17189  17396  17701 
Cell#114  539.8  091.9   000 :  
Cell#115  539.8  178.0   001 :   1943 
Cell#116  545.5  209.6   016 :   461  1321  1946  2686  3460  7591  8129  9330  10725  10780  11674  12660  13151  14649  15738  16483 
Cell#117  545.5  258.4   008 :   2684  3808  5467  7627  8398  9344  9401  12687 
Cell#118  551.3  083.3   002 :   10230  13764 
Cell#119  557.0  137.8   000 :  
Cell#120  557.0  269.9   004 :   5465  7593  9899  10723 
Cell#121  565.6  209.6   002 :   1322  10721 
Cell#122  568.5  120.6   000 :  
Cell#123  568.5  155.0   000 :  
Cell#124  574.2  269.9   033 :   460  1320  1936  2687  3098  3459  4129  4191  4434  4886  5017  5477  5787  6442  7042  8121  8815  9329  9897  10229  10727  10944  10965  11040  11680  12222  13154  13768  14502  14799  15010  15439  15920 
Cell#125  580.0  123.5   002 :   11667  12650 
Cell#126  580.0  209.6   002 :   1313  7594 
Cell#127  588.6  252.7   037 :   465  646  838  1338  1942  2685  3453  3870  4128  4435  4893  5014  5073  5483  5776  5991  6439  7044  7293  7394  7625  8135  8541  8838  9335  9562  9907  10136  10222  10721  11675  12212  13153  13762  14654  15250  15307 
Cell#128  591.4  137.8   000 :  
Cell#129  597.2  203.8   032 :   1319  1492  1947  2683  3109  3458  4437  4503  4595  5469  6432  6600  7165  7611  8127  8919  9341  9904  10241  10722  11671  12221  12659  13155  13757  14523  15235  16480  16932  17180  17393  17730 
Cell#130  597.2  126.3   000 :  
Cell#131  602.9  114.8   001 :   10239 
Cell#132  614.4  201.0   000 :  
Cell#133  625.9  129.2   001 :   12658 
Cell#134  643.1  201.0   001 :   12658 
Cell#135  646.0  103.4   000 :  
