Total No of Frames = 18000  (1 frame = 10 msec)

Cell No.   X      Y    N_Spikes  Frames
Cell#001  091.9  198.1   001 :   10365 
Cell#002  114.8  192.4   001 :   9628 
Cell#003  126.3  201.0   002 :   5048  5228 
Cell#004  129.2  178.0   000 :  
Cell#005  132.1  241.2   000 :  
Cell#006  149.3  229.7   008 :   11020  12350  13468  13580  14116  14340  15305  15848 
Cell#007  160.8  206.7   018 :   143  362  1978  2491  3370  5912  6050  6176  6511  6557  9396  9674  10165  11020  12838  13524  17172  17412 
Cell#008  178.0  229.7   037 :   141  418  670  856  1109  1963  2746  5009  5616  5764  5937  6044  6183  6515  7491  7767  8100  8393  8866  9102  9472  9939  10200  10405  12146  12350  12804  13262  13580  13818  14281  14485  14644  17095  17159  17523  17743 
Cell#009  189.5  241.2   025 :   140  1713  1978  2199  2230  3529  3772  4115  4788  4936  5409  7428  7693  8386  9130  9458  9933  11281  15160  15826  16233  16544  17169  17831  17954 
Cell#010  203.8  229.7   022 :   1978  2231  2745  3084  4113  4788  5043  5190  5230  6552  7158  7962  8388  9134  11019  11780  12347  13579  15160  17173  17296  17414 
Cell#011  223.9  149.3   017 :   1076  3555  5620  6079  6179  6558  7158  9913  11278  12345  14114  15159  15865  16233  17041  17410  17824 
Cell#012  226.8  206.7   014 :   418  854  6083  6550  7925  7963  8868  9674  10438  11017  12349  16593  17174  17569 
Cell#013  238.3  172.3   041 :   108  362  416  434  562  666  844  1035  1120  1458  1659  2496  3791  4682  4788  5054  5220  5602  5750  5920  6488  7131  7160  7452  7490  7774  8865  9035  9093  11024  12349  12463  13020  13578  14650  15165  15777  16069  16591  16824  17835 
Cell#014  255.5  195.2   000 :  
Cell#015  264.1  264.1   020 :   855  2497  4118  5617  6087  8379  9133  9407  11013  11782  12836  13260  15600  16598  16852  16898  17568  17647  17824  17944 
Cell#016  264.1  206.7   019 :   113  1985  2411  2494  3375  5411  7117  7381  7766  8396  9423  10199  11280  12145  14362  14984  15163  15368  17569 
Cell#017  267.0  246.9   025 :   412  854  2498  4120  5618  5950  6177  7158  8381  9135  9409  10692  11018  11780  12147  12832  15602  16599  16851  17568  17649  17666  17739  17827  17945 
Cell#018  281.4  203.8   003 :   5222  7961  11012 
Cell#019  287.1  163.7   009 :   421  662  1241  1417  1453  1713  2752  3921  5227 
Cell#020  290.0  255.5   029 :   143  663  1979  2234  2499  3078  4788  6089  6560  6783  8385  8866  9139  9675  9741  10437  10772  11284  11588  13286  13579  14109  15373  15877  16598  16904  17173  17289  17417 
Cell#021  307.2  269.9   022 :   142  959  1249  2500  5947  7454  8280  8388  8865  9137  9674  9911  10204  10437  10697  12345  13578  15161  16487  16902  17431  17824 
Cell#022  318.7  192.4   000 :  
Cell#023  327.3  264.1   127 :   34  141  406  661  853  1012  1101  1215  1448  1641  1941  1985  2200  2233  2425  2497  2751  2990  3084  3300  3357  3521  3555  3770  3794  3931  4085  4118  4226  4286  4458  4533  4684  4786  5052  5171  5406  5561  5617  5762  5871  5948  6013  6088  6156  6193  6265  6372  6550  6647  6787  6969  7131  7162  7416  7461  7764  7963  8175  8277  8392  8630  8858  9139  9320  9388  9419  9626  9678  9750  9872  9941  10108  10201  10437  10691  10978  11020  11173  11286  11389  11564  11593  11782  11935  12067  12128  12162  12347  12504  12690  12810  13043  13082  13183  13266  13432  13495  13572  13809  14080  14110  14287  14354  14489  14619  14805  14970  14992  15071  15178  15347  15367  15599  15814  15841  16204  16242  16494  16601  16869  17173  17393  17565  17645  17845  17930 
Cell#024  333.0  180.9   019 :   1655  2235  2761  3794  5614  5866  6507  7049  9147  9415  10199  10226  10712  13078  15166  15370  15608  17436  17818 
Cell#025  344.5  229.7   273 :   25  76  111  142  167  291  354  405  509  565  612  665  722  793  848  933  980  1026  1081  1116  1159  1207  1247  1414  1453  1481  1563  1636  1712  1876  1935  1981  2037  2139  2196  2227  2317  2375  2416  2496  2523  2631  2705  2749  2820  2911  2975  3032  3085  3114  3226  3290  3357  3454  3516  3552  3590  3714  3774  3797  3878  3926  4058  4107  4215  4270  4301  4373  4425  4482  4523  4568  4677  4745  4790  4819  4927  4990  5048  5142  5189  5228  5337  5399  5486  5550  5597  5617  5646  5719  5789  5842  5907  5949  5985  6053  6143  6220  6262  6317  6368  6425  6518  6576  6635  6701  6733  6785  6906  6961  7027  7079  7125  7283  7338  7399  7517  7620  7668  7727  7742  7767  7865  7927  7962  8000  8066  8155  8184  8267  8346  8530  8586  8622  8653  8766  8784  8832  8863  8902  9030  9086  9136  9197  9313  9380  9415  9460  9581  9635  9675  9745  9861  9921  9940  10029  10099  10156  10195  10219  10302  10337  10378  10437  10477  10577  10648  10696  10757  10909  10961  11016  11097  11164  11240  11305  11370  11480  11544  11611  11733  11873  11925  12060  12126  12161  12197  12349  12414  12474  12540  12736  12790  12838  12857  12878  13004  13036  13078  13164  13232  13266  13288  13415  13490  13532  13575  13603  13628  13707  13768  13807  13823  13845  13871  13891  14076  14125  14146  14241  14299  14346  14477  14504  14647  14719  14779  14807  14924  14973  14987  15069  15122  15161  15187  15210  15234  15283  15409  15540  15598  15678  15793  15840  15870  15975  16070  16143  16200  16260  16394  16495  16547  16577  16602  16743  16807  16904  16965  17036  17084  17235  17324  17373  17458  17490  17634  17675  17711  17754  17803  17918  17961 
Cell#026  358.9  249.8   015 :   1457  2226  5410  5781  6362  6524  6743  7023  7115  7647  7766  7938  11586  13279  14583 
Cell#027  367.5  143.6   000 :  
Cell#028  373.2  244.0   000 :  
Cell#029  381.9  264.1   160 :   32  79  108  126  142  169  360  412  571  615  664  794  848  982  1034  1077  1128  1166  1245  1422  1454  1577  1638  1716  1879  1932  1983  2050  2198  2234  2463  2475  2497  2753  2822  2988  3041  3082  3118  3303  3367  3556  3776  3939  4111  4302  4435  4534  4682  4787  4822  4993  5052  5147  5196  5228  5413  5601  5624  5731  5756  5840  5915  5952  6017  6063  6089  6154  6175  6240  6260  6368  6485  6559  6646  6786  7121  7162  7454  7489  7767  7963  8281  8385  8593  8627  8640  8836  8863  9096  9136  9199  9421  9465  9671  9705  9750  9921  9943  10168  10202  10229  10436  10480  10697  10772  10973  11016  11244  11285  11310  11589  11782  11960  12161  12200  12347  12509  12525  12539  12735  12838  13082  13268  13572  13606  13844  13878  14109  14257  14351  14488  14509  14647  14789  14810  14981  15164  15332  15370  15412  15564  15607  15754  15827  16237  16571  16597  17002  17134  17151  17184  17345  17393  17418  17569  17642  17760  17833  17948 
Cell#030  384.7  137.8   002 :   47  1151 
Cell#031  390.5  126.3   001 :   14993 
Cell#032  396.2  281.4   070 :   143  423  654  862  1459  1653  1975  2238  2495  2761  3092  3573  3792  4118  4498  4534  4799  5067  5427  5772  5836  5862  5901  5933  6098  6181  7489  7769  7981  8397  8880  9148  9692  10198  10377  10711  11028  11288  11594  11792  12356  12492  12782  12846  13075  13104  13278  13578  13850  14109  14354  14472  14644  14989  15173  15392  15609  15864  16240  17079  17189  17395  17440  17518  17565  17649  17710  17785  17833  17965 
Cell#033  407.7  249.8   019 :   142  415  666  855  2236  2495  2752  4533  8633  10199  11284  12504  15160  15832  17173  17571  17756  17834  17951 
Cell#034  413.4  223.9   018 :   141  414  662  857  1991  2231  2751  9700  11281  12507  12834  13078  14361  15834  17178  17758  17826  17954 
Cell#035  416.3  137.8   000 :  
Cell#036  422.1  192.4   000 :  
Cell#037  427.8  232.6   041 :   70  143  407  666  850  1079  1454  1941  2424  2496  3349  3523  3553  3782  4107  6088  7765  7961  9136  9196  9674  9943  10202  10435  10594  10692  11020  12161  12346  12837  13269  13580  13811  14105  14358  14991  15086  15606  17566  17808  17952 
Cell#038  427.8  284.2   095 :   38  88  139  404  519  570  627  667  810  851  1012  1134  1208  1367  1453  1562  1641  1657  1974  2235  2496  2750  3082  3556  3790  4112  4531  4789  5053  5204  5412  5513  5619  5761  5842  5940  6086  6150  6181  6260  6374  6558  6645  7161  7489  7753  7769  7956  8392  8626  8859  9136  9400  9418  9672  9923  9942  10144  10197  10433  10696  11018  11286  11585  11784  12158  12345  12509  12793  12834  13079  13270  13493  13578  13797  13846  14105  14358  14646  14983  15159  15368  15599  15843  16243  16597  17150  17180  17413  17553  17567  17653  17762  17835  17954 
Cell#039  433.5  143.6   000 :  
Cell#040  436.4  175.1   000 :  
Cell#041  436.4  264.1   003 :   4108  13846  17567 
Cell#042  439.3  249.8   004 :   6057  13034  17081  17172 
Cell#043  439.3  160.8   000 :  
Cell#044  442.1  221.1   001 :   16591 
Cell#045  450.8  109.1   000 :  
Cell#046  453.6  272.8   068 :   141  665  854  1207  1456  1983  2459  2496  3794  4117  4535  4788  5052  5413  5622  5869  5950  6082  6175  6263  6508  6560  6648  6793  7160  7426  7491  7731  8392  8626  8863  9137  9419  9673  9939  10438  10694  11015  11278  11588  11778  12163  12349  12507  12833  13079  13270  13480  13581  13844  14109  14357  14503  14646  14991  15371  15601  15752  15842  16599  17134  17174  17413  17512  17551  17571  17760  17838 
Cell#047  456.5  160.8   000 :  
Cell#048  456.5  178.0   000 :  
Cell#049  459.4  298.6   000 :  
Cell#050  459.4  252.7   096 :   140  409  665  850  1209  1419  1455  1938  1975  2042  2229  2496  2752  3082  3527  3555  3780  3794  3931  4114  4305  4533  4785  5054  5227  5409  5494  5615  5649  5766  5864  5935  5953  6086  6260  6370  6394  6557  6785  7157  7352  7416  7486  7766  7965  8165  8312  8360  8390  8624  8775  8871  9136  9392  9420  9671  9939  10198  10435  11020  11160  11276  11589  11779  12156  12347  12506  12833  13039  13078  13264  13430  13553  13580  13844  14103  14150  14290  14338  14450  14646  14789  14978  15132  15165  15365  15603  15840  16197  16243  16597  17412  17568  17762  17829  17952 
Cell#051  468.0  120.6   000 :  
Cell#052  470.9  201.0   000 :  
Cell#053  470.9  249.8   052 :   108  142  412  662  851  1634  1982  2051  2499  2523  2752  3080  3556  4303  4536  4819  5174  5402  5623  5647  5952  6148  6221  6368  6559  6646  7158  7409  7489  7764  7961  8390  8627  9136  9421  9674  10225  10436  10696  11021  11284  12349  12836  13080  13581  13756  14105  14790  16907  17175  17418  17843 
Cell#054  470.9  269.9   068 :   40  133  412  632  858  1018  1431  1652  1979  2235  2729  2753  3794  4118  4468  4789  5058  5122  5411  5619  5751  5864  5952  6090  6189  6394  7160  7416  7489  7771  7965  8394  8875  9148  9397  9614  9676  9692  9928  10196  10416  10436  10695  11016  11287  11591  11788  12161  12352  12521  12833  13075  13264  13551  13846  14107  14340  14650  14979  15165  15375  15606  15840  16601  17666  17761  17825  17950 
Cell#055  470.9  178.0   001 :   12502 
Cell#056  476.6  241.2   068 :   139  407  419  626  660  832  853  986  1003  1229  1449  1946  2192  2238  2427  2489  2712  2753  2924  3319  3545  3780  3794  5393  5616  5740  5790  5864  5950  6086  6175  6555  7142  7161  7489  7686  7981  8085  8309  8387  8629  9134  9668  9939  10197  10668  10688  11005  11284  11470  11565  11587  11782  12343  12837  13068  13266  14104  14633  14993  15149  15384  16590  16834  17008  17492  17644  17829 
Cell#057  482.3  292.9   007 :   140  3081  7163  8316  9136  9669  17168 
Cell#058  482.3  218.2   017 :   2170  2431  2753  2926  3547  4110  4988  6552  7144  9313  9665  10961  11186  11536  14641  15835  16586 
Cell#059  482.3  178.0   000 :  
Cell#060  482.3  114.8   000 :  
Cell#061  488.1  241.2   055 :   140  414  667  966  1030  1413  1890  1965  2450  2747  3078  3910  4118  4526  5039  5402  5591  5739  5924  6075  6187  6362  6784  6928  6954  7446  7487  7728  7875  7963  8393  8616  8811  9026  9093  9124  9419  9666  10121  10385  10423  10667  11254  11920  12153  13255  13509  14073  14103  14437  14971  15364  15819  16577  17176 
Cell#062  493.8  112.0   000 :  
Cell#063  493.8  189.5   002 :   9939  13846 
Cell#064  493.8  212.5   045 :   135  663  851  1056  1432  1458  4787  5610  5752  5871  5953  6083  6180  6512  6736  7164  7771  8388  8627  8861  9122  9312  9412  9672  9943  10184  10210  10411  11001  11579  11940  12144  12167  13554  13845  14108  14644  14991  15374  15755  17407  17550  17633  17836  17947 
Cell#065  499.6  235.4   022 :   133  413  851  2428  2455  2500  2750  4531  5230  8625  9134  9670  9934  10182  11000  12804  13270  13555  14641  15832  17167  17406 
Cell#066  502.4  163.7   000 :  
Cell#067  508.2  215.3   014 :   133  1447  1653  2226  2432  6171  9940  11292  11827  13845  14643  15161  15836  17636 
Cell#068  513.9  186.6   027 :   136  414  668  847  1453  2231  2497  3555  4789  5052  5231  5617  7163  7487  8385  8623  9423  9673  9941  10698  11022  12351  12507  14649  15373  15601  15842 
Cell#069  519.7  166.5   008 :   417  664  854  1182  2234  2751  5617  11014 
Cell#070  522.5  229.7   064 :   142  414  664  850  1451  1640  1982  2229  2496  2750  3081  3115  3556  3796  4106  4304  4531  4786  5052  5229  5409  5621  5866  5952  6087  6260  6368  6556  6645  7159  7488  7760  7961  8389  8624  8865  9134  9420  9670  10201  10229  10436  10698  11019  11284  11590  11784  12162  12350  12835  13078  13272  13578  14108  14647  14987  15161  15373  15602  15839  16243  17178  17413  17953 
Cell#071  525.4  097.6   000 :  
Cell#072  528.3  212.5   064 :   139  416  664  850  1419  1452  1983  2233  2496  2752  3083  3557  3788  4116  4533  4792  5052  5192  5229  5413  5616  5872  6088  6262  6372  6519  6643  6787  6969  7155  7736  7769  7959  8392  8628  8863  9141  9672  10200  10435  10699  11017  11289  11584  12157  12351  12511  12835  13580  13847  14356  14646  15160  15371  15597  15841  16148  16601  16994  17170  17416  17570  17822  17955 
Cell#073  531.2  114.8   000 :  
Cell#074  531.2  160.8   023 :   664  847  1979  2236  3552  4789  5051  5227  5406  7160  7764  9137  9417  9664  9940  11015  11144  12152  12340  13577  13847  14358  14646 
Cell#075  539.8  229.7   046 :   418  652  856  1116  1655  1985  2239  2497  2754  3084  3555  3796  4116  4535  4788  5044  5412  5610  6260  6558  6647  7162  7770  7971  8394  8629  8872  9140  9684  9940  10205  10437  11022  12156  12349  13068  13284  14361  14986  15163  16067  16241  16602  17432  17824  17956 
Cell#076  539.8  143.6   000 :  
Cell#077  551.3  218.2   040 :   414  665  1983  2231  2488  2752  3086  3553  4114  4788  5408  5618  6558  7160  7454  7489  7764  7960  8360  8628  8864  9134  9669  9938  10198  10433  10695  11019  11776  12158  12509  13078  13578  13845  14356  15371  16589  17309  17798  17953 
Cell#078  551.3  198.1   059 :   37  107  142  414  663  1455  2233  2482  2752  2915  3086  3555  3778  4789  5054  5617  5956  6087  6173  6236  6369  6560  7161  7455  7767  7963  8382  8586  8626  8866  9136  9418  9670  10435  10969  11021  11588  11784  12161  12347  12503  12829  13042  13249  13579  13849  14107  14483  14644  14975  15126  15158  15599  15839  16506  16596  17172  17641  17952 
Cell#079  557.0  241.2   070 :   129  412  666  860  1218  1439  1649  1981  2231  2490  2753  3081  3557  3793  4120  4511  4788  5059  5407  5616  5796  5954  6184  6260  6558  6658  7160  7488  7767  7967  8357  8629  8865  9137  9414  9671  9939  10194  10428  10696  11022  11286  11590  11783  12156  12347  12508  12832  13073  13273  13576  13844  14113  14360  14983  15158  15369  15602  15840  16224  16596  16883  17043  17173  17310  17414  17572  17648  17797  17953 
Cell#080  557.0  097.6   004 :   9941  14808  14980  16239 
Cell#081  568.5  192.4   066 :   8  133  414  667  844  1054  1987  2222  2490  2749  3060  3556  3791  4126  4303  4535  4736  4788  5056  5404  5622  5869  6185  6364  6646  6924  7161  7434  7488  7690  7759  7958  8101  8392  8626  8855  9136  9418  9671  9916  10188  10434  10696  11016  11290  11567  11783  12159  12823  13067  13278  13503  13539  13577  14087  14355  14806  14986  15282  15606  15836  16132  16240  16595  17312  17418 
Cell#082  574.2  157.9   000 :  
Cell#083  574.2  172.3   000 :  
Cell#084  597.2  114.8   000 :  
Cell#085  597.2  209.6   062 :   143  414  665  854  1455  1983  2233  2499  2751  3083  3556  3796  4533  4788  5054  5410  5620  5862  6084  6169  6262  6560  7159  7488  7768  7961  8386  8628  8861  9134  9421  9674  9942  10200  10437  10697  11286  11791  12159  12349  12508  12836  13078  13273  13578  13849  14106  14351  14648  14792  14883  14988  15157  15834  16597  17178  17418  17561  17646  17759  17833  17952 
Cell#086  605.8  166.5   000 :  
Cell#087  617.3  218.2   064 :   141  413  666  853  1456  1989  2233  2487  2753  3082  3795  4787  5411  5619  5761  5843  5859  5896  5919  5932  5954  6084  6178  6262  6374  6515  6557  7143  7400  7487  7768  8265  8390  8628  8863  9116  9420  9674  10202  10438  10698  11023  11281  11587  12353  12478  12839  13091  13270  13567  13849  14112  14644  14987  15162  16589  17174  17418  17548  17667  17707  17764  17833  17958 
Cell#088  620.2  169.4   074 :   29  408  540  652  816  875  1049  1472  1655  1842  1983  2234  2761  3086  3565  3796  4114  4541  4743  4809  5041  5411  5618  5764  5875  5950  6270  6635  6706  6736  7476  7772  7969  8267  8392  8574  8865  9136  9415  9672  9698  9914  9940  10201  10430  10699  11022  11293  11589  11787  12158  12357  12836  13084  13278  13580  14114  14336  14366  14662  14976  15147  15371  15607  15765  15856  16240  16617  16873  17196  17393  17544  17633  17831 
Cell#089  628.8  189.5   055 :   54  144  415  663  849  1246  1454  1644  1983  2229  2495  2757  3554  3802  4115  4532  5053  5415  5618  6178  6362  7426  7759  7960  8123  8390  8616  8824  9137  9416  9671  9924  10200  10432  10691  11016  11281  11587  12836  13268  13580  13750  13848  14110  14356  14977  15372  15600  15753  16234  16601  17376  17665  17759  17834 
Cell#090  634.5  212.5   077 :   141  418  667  854  990  1169  1249  1451  1981  2233  2490  2753  3082  3554  4113  4533  4786  5054  5405  5650  5727  5831  5950  5985  6056  6086  6176  6262  6371  6558  7161  7465  7686  7768  7959  8387  8626  8866  9137  9418  9673  9926  10197  10438  10698  11018  11286  11588  11782  12159  12347  12506  12836  13072  13266  13580  13846  14108  14355  14643  14805  14983  15166  15371  15607  15832  16240  16590  17018  17180  17304  17413  17572  17665  17757  17846  17954 
Cell#091  643.1  149.3   014 :   141  856  6082  9136  9672  10699  11282  11782  12835  13265  14105  15163  15372  15839 
Cell#092  643.1  206.7   072 :   131  417  664  854  1455  1657  1982  2234  2502  2756  3084  3558  3788  4113  4534  4756  5052  5391  5415  5622  5750  5856  5951  6056  6099  6183  6313  6419  6462  6637  6659  7162  7774  7970  8628  8871  9145  9413  9701  9924  10202  10437  10701  11016  11282  11593  11786  12156  12347  12506  12751  12839  13079  13273  13838  14112  14360  14641  14804  14987  15173  15372  15608  15823  16233  16601  17149  17412  17569  17668  17839  17926 
Cell#093  651.7  166.5   071 :   140  398  635  665  857  1247  1454  1985  2230  2456  2752  3079  3553  4245  5034  5414  5615  5950  6056  6266  6370  6524  6782  6969  7122  7162  7456  8152  8354  8390  8624  8812  8866  9137  9420  9669  10198  10438  10700  10963  11024  11143  11284  11592  12200  12507  12721  12836  13081  13266  13568  13785  13850  14107  14297  14356  14499  14649  14974  15164  15601  15840  16157  16517  16601  16873  17308  17555  17580  17801  17954 
Cell#094  657.5  155.0   011 :   139  415  662  854  5406  8624  8867  10434  12835  13845  14107 
Cell#095  660.4  235.4   080 :   136  418  665  853  1455  1656  1984  2232  2498  2520  3081  3555  3793  4117  4539  4790  4821  5055  5410  5726  5787  5829  5902  5952  5997  6081  6263  6372  6558  6789  7162  7490  7690  7960  8006  8389  8630  8865  9137  9418  9662  9940  10195  10435  10677  11013  11287  11589  11619  11781  11963  12159  12339  12513  12836  12882  13071  13264  13289  13583  13606  13845  14112  14355  14642  14809  14985  15163  15368  15607  15841  16240  16591  17027  17549  17569  17667  17764  17843  17956 
Cell#096  666.1  132.1   000 :  
Cell#097  680.4  223.9   000 :  
Cell#098  680.4  057.4   000 :  
Cell#099  680.4  155.0   000 :  
Cell#100  691.9  146.4   054 :   138  406  662  854  1451  1482  1640  1984  2232  2499  2753  3117  3554  4301  4527  4786  5054  5407  5954  6087  6262  6370  6559  6782  7159  7491  7761  7963  8389  8864  9140  9418  9669  9939  10201  10696  11016  11282  11782  12345  12834  13082  13264  13579  13845  14109  14987  15164  15375  15600  15842  16901  17405  17569 
Cell#101  694.8  192.4   000 :  
Cell#102  697.7  086.1   000 :  
Cell#103  700.5  109.1   000 :  
Cell#104  706.3  143.6   000 :  
Cell#105  712.0  094.7   000 :  
Cell#106  723.5  123.5   000 :  
