Total No of Frames = 18000  (1 frame = 10 msec)

Cell No.   X      Y    N_Spikes  Frames
Cell#001  005.7  258.4   011 :   1904  1931  2020  2070  2953  3027  4261  7656  11670  16727  17428 
Cell#002  011.5  218.2   000 :  
Cell#003  011.5  186.6   000 :  
Cell#004  011.5  272.8   000 :  
Cell#005  014.4  172.3   000 :  
Cell#006  017.2  206.7   001 :   15627 
Cell#007  017.2  264.1   012 :   1031  1379  3021  4531  5991  6032  6080  6528  10401  17580  17963  17980 
Cell#008  020.1  238.3   000 :  
Cell#009  023.0  223.9   001 :   13509 
Cell#010  023.0  183.8   000 :  
Cell#011  028.7  172.3   016 :   1033  1134  2437  3750  5802  6716  7342  9347  10344  10396  12068  12110  15432  15748  17577  17961 
Cell#012  028.7  255.5   001 :   10475 
Cell#013  031.6  244.0   000 :  
Cell#014  031.6  195.2   009 :   1132  2586  2832  3009  8875  11357  13412  13447  13721 
Cell#015  043.1  249.8   001 :   15037 
Cell#016  043.1  166.5   000 :  
Cell#017  045.9  229.7   000 :  
Cell#018  051.7  215.3   001 :   160 
Cell#019  054.6  195.2   003 :   1474  8178  14444 
Cell#020  057.4  226.8   001 :   7496 
Cell#021  060.3  149.3   000 :  
Cell#022  063.2  189.5   005 :   6016  9925  11381  13150  13838 
Cell#023  068.9  221.1   016 :   1474  4588  5119  6090  7693  8180  9024  9051  9953  12108  13901  14444  15037  16148  16447  17980 
Cell#024  071.8  146.4   001 :   11376 
Cell#025  071.8  180.9   015 :   160  1134  2974  3012  3116  4545  4607  5543  7667  8865  9063  11038  12112  15821  17977 
Cell#026  077.5  212.5   000 :  
Cell#027  080.4  137.8   000 :  
Cell#028  086.1  172.3   000 :  
Cell#029  086.1  201.0   039 :   640  777  2437  2555  2918  4159  4320  4513  4702  4977  5497  5745  5790  5885  6715  6750  7166  7199  7497  7634  8328  8458  8526  8649  8701  8857  9365  9506  9842  10990  12019  12781  13557  14186  15163  16656  17556  17618  17915 
Cell#030  086.1  132.1   000 :  
Cell#031  097.6  180.9   088 :   30  111  230  390  435  499  538  556  594  681  813  851  907  1097  1111  1170  1267  1365  1583  1648  1693  1768  1853  2116  2131  2168  2240  2308  2316  2350  2424  2508  2639  2658  2694  2753  2814  2914  2942  3004  3049  3194  3330  3365  3493  3554  3602  3687  3820  3974  4078  4290  4319  4470  4606  4966  5007  5026  5100  5123  5305  5388  5424  5452  5505  5548  5605  5653  5714  5733  5785  5806  5845  5890  5988  6103  6130  6437  7267  10008  10784  10846  11210  12985  17040  17079  17579  17963 
Cell#032  103.4  140.7   002 :   10595  12993 
Cell#033  109.1  172.3   020 :   5820  6926  8579  9755  10213  10636  10849  11044  11068  11143  11553  11589  11938  12443  12772  13760  14168  14850  15004  15801 
Cell#034  112.0  114.8   000 :  
Cell#035  112.0  189.5   004 :   5135  5207  5423  15005 
Cell#036  114.8  134.9   001 :   544 
Cell#037  120.6  155.0   000 :  
Cell#038  123.5  117.7   000 :  
Cell#039  126.3  149.3   000 :  
Cell#040  126.3  192.4   006 :   2298  3285  3407  11145  12113  17294 
Cell#041  126.3  178.0   000 :  
Cell#042  126.3  163.7   002 :   9060  16114 
Cell#043  126.3  109.1   000 :  
Cell#044  134.9  123.5   000 :  
Cell#045  137.8  201.0   000 :  
Cell#046  137.8  097.6   000 :  
Cell#047  143.6  166.5   055 :   15  53  270  324  402  553  628  687  826  910  960  1186  1244  1382  1437  1466  1585  1688  1900  1948  2079  2152  2296  2346  2522  2555  2697  2850  3016  3090  3425  3536  3823  3852  4083  4249  4420  4457  4488  4586  4848  5110  5409  5540  6032  6087  6415  6445  7653  10912  12175  12322  12391  16258  16367 
Cell#048  146.4  123.5   027 :   439  604  702  797  878  948  1100  1585  1869  2216  2433  3738  3860  3973  4083  4207  4472  5129  5646  5732  5992  6075  6146  6242  7269  11212  12991 
Cell#049  152.2  186.6   000 :  
Cell#050  155.0  103.4   000 :  
Cell#051  155.0  143.6   065 :   43  441  605  704  795  880  948  976  1108  1318  1364  1584  1732  1870  2212  2430  2510  2536  2609  2694  2760  2849  2965  3566  3611  3742  3855  3975  4083  4206  4295  4467  4506  4608  5008  5105  5201  5242  5281  5418  5444  5469  5508  5604  5646  5732  5993  6075  6143  6244  7269  11090  11111  11210  12652  12985  13100  13349  14101  14726  16960  16998  17056  17147  17490 
Cell#052  160.8  175.1   000 :  
Cell#053  166.5  132.1   000 :  
Cell#054  180.9  080.4   000 :  
Cell#055  183.8  134.9   019 :   149  1205  1706  1877  1939  2066  2345  2597  3950  4871  5096  5539  5586  5871  7807  11916  13974  14051  14874 
Cell#056  189.5  109.1   001 :   325 
Cell#057  189.5  149.3   022 :   2595  3953  4638  5581  6107  6451  6990  7009  7807  8034  8053  8370  9976  10765  10939  12146  13205  13992  14204  14433  14449  15161 
Cell#058  192.4  083.3   000 :  
Cell#059  201.0  100.5   000 :  
Cell#060  203.8  143.6   000 :  
Cell#061  206.7  112.0   000 :  
Cell#062  212.5  126.3   000 :  
Cell#063  212.5  089.0   005 :   50  524  4163  6714  14944 
Cell#064  215.3  054.6   022 :   277  419  1176  1387  1473  1959  2101  2350  2568  2760  3019  3122  4601  5123  5556  6788  9942  10971  11312  12319  15350  16103 
Cell#065  218.2  103.4   004 :   3225  11670  16362  17592 
Cell#066  226.8  117.7   002 :   8399  8437 
Cell#067  226.8  140.7   000 :  
Cell#068  226.8  089.0   003 :   9938  12112  15347 
Cell#069  229.7  068.9   001 :   10685 
Cell#070  235.4  132.1   000 :  
Cell#071  238.3  106.2   009 :   5985  8998  9933  11376  13148  13649  13784  13829  15348 
Cell#072  241.2  063.2   005 :   1909  2287  8149  11938  12044 
Cell#073  244.0  120.6   001 :   15344 
Cell#074  246.9  086.1   000 :  
Cell#075  255.5  117.7   001 :   13529 
Cell#076  258.4  086.1   001 :   14323 
Cell#077  264.1  106.2   056 :   444  1244  1374  1435  2000  3078  3285  3408  4530  5147  5293  5983  7620  8149  8962  8993  9015  9046  9059  10058  11143  11220  11669  11725  11758  12490  12654  13269  13335  13365  13401  13419  13462  13485  13527  13555  13620  13781  13828  13882  14021  14098  14184  14271  14322  15098  15518  15985  16149  16189  16298  16498  16644  16930  17142  17778 
Cell#078  267.0  066.0   000 :  
Cell#079  272.8  100.5   032 :   7839  8222  9871  10059  10912  11340  11664  11703  11935  12317  12389  12603  12655  12752  13158  13333  13611  13883  13975  14434  15040  15948  16188  16255  16311  16362  16675  17593  17621  17734  17758  17952 
Cell#080  275.6  080.4   083 :   446  1307  1380  1461  2342  2422  2589  2668  3021  3128  4593  5104  5293  5440  5513  5986  6583  6711  6784  6860  7259  7451  7835  8150  8265  8319  8503  8685  8771  8848  8866  9001  9061  9551  9883  9941  10029  10063  10269  10877  10910  11089  11140  11309  11377  11394  11676  12009  12078  12111  12188  12445  12626  12878  13380  13633  13875  14006  14384  14643  14831  14918  15103  15257  15383  15486  15618  15668  15798  15974  16055  16120  16191  16270  16449  16574  16741  16841  17079  17308  17616  17687  17928 
Cell#081  278.5  040.2   000 :  
Cell#082  278.5  114.8   049 :   39  142  448  564  627  940  1059  1246  1304  1367  1736  2186  3775  3901  4012  4093  4333  4399  4484  4744  4783  4880  5106  5154  5320  5434  5509  5641  5729  5957  5983  6344  6382  6484  6583  6680  6710  7244  8149  8755  10591  10909  11087  11468  11656  11674  14355  14384  15791 
Cell#083  287.1  063.2   005 :   1899  2010  2062  7653  15340 
Cell#084  287.1  114.8   003 :   446  5147  8998 
Cell#085  295.7  109.1   001 :   1899 
Cell#086  298.6  080.4   007 :   143  1039  7653  7839  11879  12878  12996 
Cell#087  304.3  074.6   001 :   5791 
Cell#088  307.2  045.9   013 :   147  444  2346  3125  3856  5294  5986  6445  9001  11144  11154  13832  16148 
Cell#089  315.8  043.1   000 :  
Cell#090  321.6  109.1   000 :  
Cell#091  327.3  091.9   000 :  
Cell#092  327.3  051.7   000 :  
Cell#093  335.9  074.6   001 :   1697 
Cell#094  335.9  109.1   013 :   148  990  5538  6384  8007  8149  9554  10729  13144  13510  14431  15027  15492 
Cell#095  338.8  054.6   000 :  
Cell#096  344.5  097.6   000 :  
Cell#097  353.1  057.4   097 :   199  426  443  521  539  941  1023  1246  1373  1430  1459  1845  2000  2339  2666  3078  3215  3281  3398  3721  3796  3832  4203  4233  4364  4522  4588  4980  5144  5194  5293  5406  5806  5982  6076  6293  7202  7524  7559  7622  7647  7997  8151  8170  8498  8563  8963  8998  9015  9044  9058  9273  10059  10399  10919  11139  11220  11299  11375  11668  11725  11760  12000  12435  12490  12655  12773  13266  13620  13646  13753  13830  14275  14317  14878  15080  15098  15338  15381  15423  15518  15946  16146  16191  16297  16412  16493  16601  16644  16921  17122  17141  17188  17287  17480  17744  17780 
Cell#098  356.0  086.1   003 :   2341  7569  10059 
Cell#099  370.4  068.9   029 :   2673  5464  7265  11221  12782  13339  13364  13385  13427  13436  13461  13530  13552  13569  13619  13647  13671  13694  13721  13792  13876  13956  14018  14099  14179  14320  15379  16301  16648 
Cell#100  373.2  086.1   001 :   7266 
Cell#101  384.7  071.8   000 :  
Cell#102  390.5  086.1   001 :   2573 
Cell#103  402.0  094.7   042 :   158  271  408  468  807  1039  1079  1121  1133  1227  1244  1404  1461  1917  1956  2036  2572  2752  2823  3003  3118  3157  3254  3938  4433  4564  4605  5113  5538  5972  6081  7532  7651  8009  8330  8500  8648  9060  9251  10061  10077  10736 
Cell#104  410.6  080.4   000 :  
Cell#105  413.4  106.2   001 :   1248 
Cell#106  427.8  060.3   000 :  
Cell#107  436.4  080.4   005 :   3013  11144  11377  15990  16605 
Cell#108  453.6  063.2   000 :  
Cell#109  453.6  040.2   001 :   11678 
Cell#110  465.1  057.4   000 :  
Cell#111  465.1  074.6   114 :   149  407  447  683  982  1208  1248  1417  1437  1466  2443  2567  2752  2986  3013  3035  3124  3430  3600  3930  4244  4484  4592  4895  5115  5330  5536  5839  5999  6241  6401  6431  6447  6889  6963  7175  7480  7513  7659  7843  7998  8017  8326  8355  9001  9056  9249  9551  9886  9935  10116  10273  10725  11306  11395  12074  12106  12309  12358  12880  12962  13151  13274  13376  13987  14246  14397  14431  14586  14625  14800  14835  14908  14991  15123  15251  15344  15476  15793  15985  16061  16110  16156  16192  16246  16327  16345  16366  16454  16498  16581  16601  16611  16735  16754  16789  16837  16937  17003  17048  17110  17150  17226  17303  17328  17399  17460  17603  17625  17675  17819  17870  17906  17962 
Cell#112  470.9  109.1   000 :  
Cell#113  482.3  094.7   005 :   447  1437  3286  5984  8151 
Cell#114  482.3  068.9   000 :  
Cell#115  493.8  086.1   000 :  
Cell#116  493.8  057.4   003 :   11148  14432  15004 
Cell#117  496.7  103.4   012 :   524  2344  7220  10403  11141  12440  13154  13758  14318  15089  16416  17488 
Cell#118  513.9  106.2   000 :  
Cell#119  516.8  091.9   000 :  
Cell#120  516.8  126.3   007 :   1436  4531  7823  9000  11141  13835  17965 
Cell#121  531.2  109.1   018 :   477  1166  2126  2570  7483  7563  8498  9198  9276  10726  11671  12121  12315  13158  13623  13842  14431  15038 
Cell#122  534.0  080.4   001 :   14452 
Cell#123  539.8  091.9   001 :   11378 
Cell#124  545.5  146.4   000 :  
Cell#125  548.4  126.3   000 :  
Cell#126  557.0  134.9   057 :   165  326  640  1047  1322  1367  1477  1742  1936  2553  2866  3023  3896  4015  4053  4412  4795  4896  5114  5195  5261  5747  5837  5860  5900  6015  6023  6121  6202  6959  7011  7042  7072  7119  7245  7317  7574  7630  7726  7935  9186  9228  9254  9634  11340  11625  11951  12182  13104  13268  13730  13752  13844  14133  14459  14668  16376 
Cell#127  559.9  109.1   021 :   789  1941  3185  4799  5827  6437  6753  7027  7073  7097  7614  8328  8514  8858  8914  8998  9672  9841  12781  16019  16601 
Cell#128  568.5  143.6   000 :  
Cell#129  571.3  120.6   023 :   167  329  641  1039  1325  1478  1940  2556  4163  4896  5113  5836  5901  6013  6492  6755  6980  7123  7631  7845  9635  13846  16376 
Cell#130  574.2  155.0   002 :   57  9196 
Cell#131  588.6  189.5   000 :  
Cell#132  602.9  134.9   000 :  
Cell#133  605.8  178.0   004 :   4001  4081  4128  8102 
Cell#134  605.8  149.3   015 :   92  909  2125  4534  5444  5868  6588  7489  11046  11254  13632  13978  14015  14054  14876 
Cell#135  611.5  203.8   000 :  
Cell#136  614.4  169.4   000 :  
Cell#137  614.4  155.0   004 :   909  2127  4531  7492 
Cell#138  625.9  183.8   001 :   11377 
Cell#139  631.6  218.2   009 :   52  1138  1322  1478  2976  7940  9060  9885  12377 
Cell#140  634.5  163.7   013 :   1324  2127  2194  4894  5114  5149  7125  7211  7631  12125  12871  13011  14436 
Cell#141  643.1  229.7   002 :   7840  12605 
Cell#142  643.1  178.0   000 :  
Cell#143  643.1  209.6   055 :   54  137  856  963  1040  1105  1236  2187  3003  3371  3547  3585  3939  4547  5084  5524  5545  6230  6465  6702  7020  7634  7806  8156  8331  8660  9064  10062  11143  11299  11342  11433  11935  12202  12511  12661  12767  13149  13183  13274  13625  14109  14203  15342  15388  15649  15893  15968  16731  17298  17431  17591  17636  17682  17789 
Cell#144  648.9  195.2   034 :   135  856  1235  1323  3369  3541  3996  5100  5226  5341  5864  5974  6141  9060  9637  9661  9827  9841  9886  10944  11060  11344  11429  12768  12855  13188  14111  14178  15534  15771  16185  17219  17357  17588 
Cell#145  651.7  215.3   001 :   1103 
Cell#146  654.6  232.6   068 :   159  479  984  1120  1311  1384  1469  1954  2567  3005  3035  3936  4603  5109  5331  5536  5854  6007  6424  6449  6890  6972  7170  7486  7511  7660  7858  8002  8336  9059  9362  9886  9949  10129  10284  10729  12238  12282  12305  12356  12798  12961  13149  13166  13279  13401  13536  13631  13849  13998  14281  14401  14433  14585  14804  14988  15255  15346  15489  15796  15984  16079  16371  16590  16644  16741  17306  17403 
Cell#147  657.5  152.2   005 :   2026  2069  2298  7999  12671 
Cell#148  663.2  223.9   000 :  
Cell#149  663.2  172.3   000 :  
Cell#150  666.1  238.3   032 :   62  1417  2352  2953  3011  3284  3558  4167  4341  4900  5408  5512  6668  7629  7839  8608  8655  8865  9183  9661  9929  10663  11756  11869  12322  12592  13835  14275  15342  15602  16021  17829 
Cell#151  683.3  192.4   018 :   707  5866  6042  7264  9028  9714  10063  11141  11378  12659  12707  12830  13418  13650  14277  14319  15522  15969 
Cell#152  683.3  212.5   000 :  
Cell#153  686.2  229.7   000 :  
Cell#154  694.8  235.4   000 :  
Cell#155  694.8  258.4   000 :  
Cell#156  703.4  195.2   001 :   1039 
