Total No of Frames = 18000  (1 frame = 10 msec)

Cell No.   X      Y    N_Spikes  Frames
Cell#001  025.8  186.6   003 :   2480  11685  14595 
Cell#002  028.7  157.9   003 :   2480  5598  11683 
Cell#003  043.1  186.6   002 :   2480  11684 
Cell#004  045.9  114.8   001 :   11683 
Cell#005  051.7  132.1   031 :   496  1178  1349  2480  3014  4681  4838  5593  7042  7238  8866  8882  9472  10324  10563  11000  11030  11162  11440  11684  11943  12124  12480  12674  13000  13348  13530  15434  16294  16597  16771 
Cell#006  054.6  178.0   003 :   2479  6014  11685 
Cell#007  054.6  094.7   002 :   2480  11685 
Cell#008  057.4  103.4   002 :   2480  11686 
Cell#009  063.2  157.9   008 :   2480  3575  6901  11685  13309  13736  17429  17894 
Cell#010  074.6  137.8   002 :   2479  11685 
Cell#011  074.6  068.9   002 :   2480  11684 
Cell#012  077.5  025.8   002 :   2480  11684 
Cell#013  080.4  057.4   001 :   2480 
Cell#014  083.3  083.3   009 :   2480  3387  3726  4348  4769  6690  11684  15169  15744 
Cell#015  083.3  109.1   011 :   2097  2480  5748  8988  11184  11241  11417  11685  16556  17490  17817 
Cell#016  091.9  091.9   027 :   107  276  2139  2480  2656  3337  3387  3725  4017  4054  4347  4771  5851  6342  6512  6692  7577  10140  11685  13049  14982  15169  15597  15608  15743  16555  17938 
Cell#017  097.6  143.6   013 :   339  1861  2480  2936  4603  4617  6745  7308  11685  13988  14882  16634  16670 
Cell#018  103.4  129.2   015 :   730  1119  1929  2480  2736  6984  8112  9084  9741  11202  11685  12363  15243  15670  17559 
Cell#019  103.4  109.1   012 :   2480  2723  3385  3726  4346  4769  6033  6690  10141  11685  15169  15743 
Cell#020  117.7  143.6   002 :   2480  11685 
Cell#021  120.6  123.5   172 :   133  141  229  274  331  339  469  876  942  950  1121  1178  1255  1338  1718  2123  2137  2234  2322  2480  2695  2768  2869  2946  2986  3282  3443  3631  3866  3990  4141  4501  4567  4731  4859  5001  5079  5117  5208  5333  5591  5628  5815  5833  5880  6033  6176  6232  6501  6519  6534  6592  6653  6845  6880  6981  7038  7148  7242  7330  7452  7594  7687  7997  8061  8283  8512  8545  8593  8643  8707  8811  8867  8911  8922  9109  9123  9243  9276  9475  9603  9693  9741  9827  9897  10138  10217  10321  10397  10413  10484  10559  10573  10604  10653  10732  10832  10870  10999  11127  11161  11323  11342  11401  11457  11682  11942  11977  12007  12127  12250  12301  12338  12423  12444  12556  12681  12727  12842  12877  13001  13200  13256  13308  13350  13419  13440  13558  13570  13603  13718  13959  13990  14087  14149  14224  14276  14319  14427  14449  14541  14622  14760  14827  14976  15243  15296  15490  15674  15775  15938  16075  16139  16316  16401  16446  16597  16615  16630  16647  16667  16714  16770  16793  16882  16898  16963  17158  17249  17423  17628  17864 
Cell#022  134.9  123.5   002 :   2480  11685 
Cell#023  137.8  091.9   004 :   1119  2480  3013  11684 
Cell#024  137.8  160.8   019 :   1723  2295  2482  3794  4649  5655  7522  8148  8705  9006  10903  11454  11685  12652  14085  14941  15349  16342  16961 
Cell#025  146.4  143.6   009 :   1052  2254  2480  5604  11685  16251  16534  17397  17599 
Cell#026  152.2  109.1   005 :   495  1120  2480  3013  11685 
Cell#027  155.0  172.3   008 :   2481  3279  4780  9444  11685  12240  15419  17054 
Cell#028  160.8  097.6   006 :   2480  6026  8163  11685  15073  16577 
Cell#029  160.8  137.8   005 :   1118  2480  3012  11684  16211 
Cell#030  166.5  129.2   023 :   151  535  2083  2480  2947  4050  4365  5628  5907  6026  6120  6268  6391  6859  8168  11685  12125  12604  12977  15327  15425  16910  17953 
Cell#031  169.4  097.6   024 :   334  2479  3582  4428  4495  4910  5356  5908  6479  7679  7695  7712  9637  9854  10272  10939  11432  11684  13221  14036  15072  15657  16291  16511 
Cell#032  175.1  074.6   024 :   2479  3298  3638  4570  6132  6230  6891  7599  8291  8649  9275  10231  11685  12009  12850  13606  13721  14427  15296  15491  16083  16653  16714  17641 
Cell#033  175.1  117.7   012 :   2481  4212  4909  5353  5558  11685  13120  13222  13327  13724  15072  17651 
Cell#034  178.0  134.9   017 :   2479  4055  4213  5556  5870  6110  6992  8443  8459  11685  13122  13330  13723  14192  15074  15592  17651 
Cell#035  180.9  100.5   005 :   2105  2480  6626  11684  15658 
Cell#036  189.5  054.6   004 :   2480  11392  11685  16890 
Cell#037  189.5  071.8   070 :   332  539  1119  1393  2097  2141  2235  2480  2766  2899  2946  2958  3296  3443  3499  3637  3867  4140  4570  5004  5212  5332  6037  6177  6234  6889  7339  7598  8214  8284  8542  8812  8910  9272  9898  10201  10231  10397  10653  10730  10877  11128  11324  11683  12006  12552  12841  12877  13305  13719  14173  14309  14415  14440  14626  14759  14985  15246  15295  15353  15490  15676  16082  16657  16713  16795  16915  17430  17639  17960 
Cell#038  192.4  129.2   016 :   133  316  2480  5220  5757  5909  6309  9939  11685  13643  14758  15319  15655  16855  17243  17604 
Cell#039  192.4  094.7   008 :   2480  4528  4846  5550  7068  11685  15179  17192 
Cell#040  201.0  080.4   002 :   2480  11684 
Cell#041  201.0  017.2   002 :   2480  11684 
Cell#042  206.7  025.8   002 :   2480  11685 
Cell#043  206.7  068.9   022 :   467  877  2480  4103  6030  6202  7543  7622  7990  9250  9733  11111  11684  12019  13828  13850  15705  16222  16409  16439  16622  17595 
Cell#044  212.5  091.9   021 :   467  876  2479  5778  6031  7518  7620  7689  7993  10431  11387  11684  13507  13621  13792  14068  15192  15205  15712  16082  16457 
Cell#045  215.3  114.8   002 :   2480  11685 
Cell#046  215.3  057.4   002 :   2480  11685 
Cell#047  223.9  091.9   007 :   1442  2480  4924  9182  11497  11683  17746 
Cell#048  229.7  112.0   012 :   1441  2480  4922  7530  7604  9183  11498  11685  16778  17197  17212  17743 
Cell#049  229.7  054.6   002 :   2480  11685 
Cell#050  235.4  014.4   002 :   2480  11685 
Cell#051  235.4  077.5   004 :   2481  4326  5871  11685 
Cell#052  235.4  100.5   003 :   2479  9098  11684 
Cell#053  241.2  057.4   005 :   2479  4811  5011  5258  11684 
Cell#054  246.9  086.1   008 :   367  2481  3201  11685  15206  15382  16954  16971 
Cell#055  252.7  023.0   002 :   2480  11685 
Cell#056  252.7  126.3   002 :   2480  11685 
Cell#057  258.4  080.4   010 :   2480  4114  5733  11685  13797  14265  16136  16918  17720  17941 
Cell#058  264.1  023.0   004 :   2480  5019  11685  13441 
Cell#059  264.1  120.6   002 :   2480  11684 
Cell#060  275.6  031.6   002 :   2480  11686 
Cell#061  278.5  109.1   006 :   2481  6145  7412  11685  16060  16689 
Cell#062  281.4  037.3   004 :   1122  2480  4613  11685 
Cell#063  281.4  051.7   004 :   1117  2479  5759  11685 
Cell#064  281.4  089.0   002 :   2480  11685 
Cell#065  287.1  066.0   002 :   2480  11685 
Cell#066  292.9  043.1   004 :   1749  2480  11685  17269 
Cell#067  292.9  097.6   007 :   2480  7241  7596  9469  11685  12994  13525 
Cell#068  307.2  028.7   007 :   370  2479  3871  4854  9496  11685  15104 
Cell#069  310.1  103.4   002 :   2480  11686 
Cell#070  310.1  060.3   004 :   2480  11684  13208  13647 
Cell#071  310.1  017.2   003 :   1119  2480  11684 
Cell#072  315.8  051.7   005 :   2481  8907  11684  13649  17395 
Cell#073  315.8  086.1   020 :   1040  2482  2719  3205  7346  7602  7802  8544  9281  11685  12393  13205  13645  14116  14379  14543  14835  15590  15781  16389 
Cell#074  318.7  034.5   004 :   2480  8907  11685  13651 
Cell#075  321.6  109.1   028 :   2056  2347  2480  2683  2952  3270  3663  3978  4227  4404  6387  6722  8461  9806  9910  10237  10255  10551  11077  11682  11738  15672  16295  16433  16932  17060  17490  17651 
Cell#076  327.3  080.4   006 :   2480  4484  11685  13389  13510  17709 
Cell#077  330.2  037.3   002 :   2480  11684 
Cell#078  330.2  060.3   003 :   2479  11685  13510 
Cell#079  333.0  048.8   002 :   2480  11683 
Cell#080  338.8  091.9   006 :   2480  4994  5875  11685  15431  16760 
Cell#081  338.8  011.5   002 :   2480  11685 
Cell#082  341.7  112.0   004 :   2480  4994  5877  11685 
Cell#083  350.3  057.4   010 :   2480  7373  11685  12216  12305  13822  14836  15575  15597  15673 
Cell#084  356.0  103.4   006 :   2479  5305  5741  6360  13518  14397 
Cell#085  356.0  034.5   003 :   1118  2480  11685 
Cell#086  361.8  063.2   006 :   2480  5809  11685  16117  17049  17755 
Cell#087  370.4  023.0   004 :   1120  2479  7402  11685 
Cell#088  373.2  083.3   002 :   2480  11685 
Cell#089  373.2  045.9   003 :   1119  2479  11685 
Cell#090  379.0  074.6   002 :   2480  11685 
Cell#091  384.7  017.2   002 :   2480  11682 
Cell#092  390.5  060.3   005 :   1118  2480  11683  13862  14510 
Cell#093  399.1  025.8   002 :   2479  11683 
Cell#094  402.0  054.6   008 :   1118  2480  2712  2808  2948  3012  11684  15973 
Cell#095  407.7  068.9   002 :   2480  11685 
Cell#096  407.7  091.9   006 :   2418  2480  3759  10292  11684  17697 
Cell#097  416.3  031.6   003 :   1119  2480  11686 
Cell#098  416.3  017.2   003 :   1115  2480  11684 
Cell#099  419.2  083.3   008 :   2480  3416  3933  11684  15243  15563  16962  17291 
Cell#100  422.1  103.4   002 :   2479  11685 
Cell#101  427.8  051.7   005 :   2480  10769  11685  14985  15243 
Cell#102  439.3  028.7   003 :   1118  2480  11684 
Cell#103  442.1  043.1   002 :   2480  11685 
Cell#104  447.9  080.4   002 :   2480  11685 
Cell#105  453.6  051.7   002 :   2479  11684 
Cell#106  453.6  103.4   002 :   2478  11684 
Cell#107  459.4  091.9   002 :   2479  11684 
Cell#108  459.4  077.5   002 :   2478  11684 
Cell#109  465.1  057.4   006 :   2479  4061  4084  5857  8888  11685 
Cell#110  465.1  134.9   002 :   2480  11684 
Cell#111  465.1  117.7   007 :   494  1118  2480  3011  11029  11684  15244 
Cell#112  470.9  051.7   008 :   2480  4060  5859  8888  11685  15527  16208  17643 
Cell#113  476.6  068.9   004 :   495  1118  2478  11684 
Cell#114  482.3  086.1   003 :   1118  2479  11684 
Cell#115  482.3  114.8   002 :   2480  11684 
Cell#116  482.3  023.0   002 :   2480  11684 
Cell#117  491.0  057.4   002 :   2479  11685 
Cell#118  493.8  034.5   002 :   2480  11684 
Cell#119  493.8  077.5   002 :   2480  11684 
Cell#120  499.6  132.1   004 :   1117  2480  3011  11684 
Cell#121  505.3  068.9   002 :   2480  11682 
Cell#122  505.3  091.9   002 :   2480  11685 
Cell#123  511.1  100.5   002 :   2480  11685 
Cell#124  516.8  149.3   005 :   2480  4262  4989  5327  11685 
Cell#125  516.8  089.0   002 :   2480  11682 
Cell#126  519.7  068.9   003 :   1116  2479  11685 
Cell#127  528.3  126.3   005 :   2480  4097  4986  5143  11685 
Cell#128  534.0  057.4   008 :   1120  2480  3013  11685  15244  15832  15974  17801 
Cell#129  539.8  034.5   003 :   1119  2480  11685 
Cell#130  542.6  077.5   003 :   2479  11683  15971 
Cell#131  542.6  045.9   003 :   1119  11685  15972 
Cell#132  548.4  011.5   003 :   2480  11685  15239 
Cell#133  554.1  103.4   002 :   2480  11685 
Cell#134  559.9  068.9   015 :   2172  2480  3992  4138  4262  4381  4444  4519  4554  4624  4727  4821  4874  6737  11684 
Cell#135  562.7  120.6   003 :   2479  11685  16912 
Cell#136  565.6  040.2   002 :   2479  11685 
Cell#137  574.2  109.1   002 :   2479  11685 
Cell#138  574.2  011.5   002 :   2480  11685 
Cell#139  574.2  066.0   002 :   2480  11682 
Cell#140  574.2  091.9   008 :   981  2203  2341  2480  2548  2606  2679  11685 
Cell#141  580.0  077.5   002 :   2480  11685 
Cell#142  585.7  025.8   005 :   1119  2480  11684  15245  15974 
Cell#143  591.4  080.4   005 :   1119  2480  11685  12654  15250 
Cell#144  594.3  034.5   026 :   2105  2205  2430  2480  2722  2818  3463  3716  3859  3974  4042  4087  4142  4363  4478  4676  4822  4994  5096  5204  5334  5428  5551  5625  5793  11685 
Cell#145  597.2  106.2   004 :   1118  2480  11685  15440 
Cell#146  597.2  066.0   002 :   2480  11685 
Cell#147  605.8  120.6   003 :   1119  2480  11685 
Cell#148  608.7  025.8   009 :   2432  2480  2723  3713  3856  3971  4359  4821  11685 
Cell#149  620.2  089.0   004 :   1118  2480  11685  15974 
Cell#150  623.0  057.4   003 :   1117  2480  11683 
Cell#151  631.6  025.8   003 :   494  2480  11684 
Cell#152  643.1  063.2   003 :   1118  2480  11684 
Cell#153  648.9  037.3   002 :   2478  11684 
Cell#154  654.6  017.2   002 :   2480  11684 
Cell#155  654.6  068.9   002 :   2480  11683 
Cell#156  660.4  086.1   002 :   2479  11683 
Cell#157  663.2  037.3   004 :   494  2479  11684  15973 
Cell#158  677.6  054.6   002 :   2480  11685 
Cell#159  683.3  020.1   002 :   2480  11685 
Cell#160  709.2  034.5   006 :   384  2479  7799  11685  15388  15422 
Cell#161  717.8  023.0   005 :   383  1119  2480  11685  15420 
