Total No of Frames = 36000  (1 frame = 5 msec)

Cell No.   X      Y    N_Spikes  Frames
Cell#001  010.4  111.4   006 :   266  12478  13176  20550  26964  34423 
Cell#002  013.9  080.1   009 :   278  841  3438  4030  5338  9171  22324  24458  25045 
Cell#003  027.9  013.9   001 :   25046 
Cell#004  031.3  059.2   016 :   632  7844  12776  12835  13156  15989  18831  19976  24248  25741  26270  26494  26656  26696  26964  32985 
Cell#005  034.8  097.5   021 :   1253  4225  4395  6148  6149  10238  10794  12190  15990  19975  21511  22965  25046  26696  26964  28298  30327  31983  32388  33997  34338 
Cell#006  041.8  083.6   001 :   24687 
Cell#007  045.3  017.4   018 :   605  4851  7915  9223  9864  12607  13707  15465  15715  15991  16598  19724  20448  22964  25764  29849  31346  34030 
Cell#008  045.3  048.7   000 :  
Cell#009  052.2  031.3   009 :   3446  4001  9851  10000  15991  21068  22959  23247  23889 
Cell#010  062.7  055.7   007 :   15990  17304  18437  19752  19970  21892  23849 
Cell#011  062.7  073.1   007 :   283  8176  15989  19975  25047  30074  34670 
Cell#012  062.7  087.0   012 :   2856  5683  6156  12037  19649  19975  21100  26657  31336  33160  35354  35843 
Cell#013  069.6  007.0   000 :  
Cell#014  073.1  024.4   012 :   3198  3452  4441  4801  6625  9878  10083  13659  15466  18277  19727  26964 
Cell#015  073.1  114.9   011 :   279  11061  11769  15989  20550  20636  21311  26694  26964  32991  34156 
Cell#016  083.6  066.2   009 :   2855  14491  15990  19974  22959  26695  27179  35694  35948 
Cell#017  090.5  107.9   005 :   853  5067  13151  30444  31505 
Cell#018  097.5  020.9   043 :   148  1947  2856  3458  4571  6756  9708  9877  10083  11048  11469  12286  13215  14197  14595  15459  15990  17948  18103  18639  19027  19648  19975  22325  22606  22952  23868  24241  25693  25753  26048  27291  29068  29483  29725  30850  31022  31249  31898  33421  33598  34679  35842 
Cell#019  101.0  041.8   008 :   153  206  266  12233  15460  17775  25045  28737 
Cell#020  101.0  114.9   005 :   10238  10604  11658  14026  23392 
Cell#021  111.4  062.7   009 :   626  2708  7692  13156  13502  16528  17559  19934  25044 
Cell#022  114.9  034.8   000 :  
Cell#023  114.9  083.6   019 :   272  731  3459  4015  5683  7654  9360  12096  12607  13503  15990  16585  18816  22606  23646  25357  28879  29828  33625 
Cell#024  114.9  017.4   003 :   7836  14581  28691 
Cell#025  118.4  111.4   003 :   12034  21053  29221 
Cell#026  128.8  045.3   007 :   5338  20819  21708  27990  30856  31237  32420 
Cell#027  128.8  024.4   017 :   1959  6618  9870  17756  19027  19635  19974  20818  22605  22861  22965  25040  25752  26278  27846  29607  33742 
Cell#028  132.3  114.9   001 :   3459 
Cell#029  135.8  094.0   004 :   3458  14197  14924  30856 
Cell#030  139.3  010.4   055 :   193  278  1462  2857  3452  4577  5696  6167  6625  7071  7438  7693  7928  8942  9368  9884  11049  11711  13156  13928  14198  14596  14922  15432  15466  15963  15989  17239  18647  19027  19176  19391  19614  19968  19975  20818  22961  23253  25753  26263  26664  27238  27625  28304  29489  30084  31236  31249  32199  32540  33422  33598  34848  34999  35705 
Cell#031  146.2  111.4   004 :   3459  14197  14922  30855 
Cell#032  149.7  048.7   001 :   19974 
Cell#033  156.7  020.9   015 :   166  1770  3197  11474  11657  11978  12273  16337  18640  19975  21310  22599  23646  25621  34109 
Cell#034  156.7  121.9   004 :   2437  2764  16552  25043 
Cell#035  170.6  059.2   022 :   5474  5899  7693  8011  9706  10204  13405  14196  15988  18300  18831  19975  21101  22605  25446  25687  26963  27795  31249  32440  32538  35705 
Cell#036  174.1  083.6   016 :   2254  5474  5887  6076  14916  16220  16525  16618  17273  18325  19020  22324  23640  23913  25046  35438 
Cell#037  174.1  007.0   027 :   875  4009  4759  5363  7067  7377  7692  9366  9722  9885  11653  11984  15466  15814  15990  16370  18698  20813  22957  25044  25752  26264  26665  31020  31334  33972  35536 
Cell#038  184.5  097.5   010 :   279  4441  4895  7923  11770  12476  16528  16880  17849  18050 
Cell#039  188.0  059.2   016 :   3198  4800  5690  6153  7070  8446  11984  19969  20504  22606  23508  23646  26918  28305  32670  34678 
Cell#040  195.0  111.4   006 :   5730  5873  20806  20949  21308  28593 
Cell#041  201.9  125.3   001 :   21310 
Cell#042  201.9  052.2   024 :   279  736  887  3451  5710  7817  9891  10499  11246  11473  12104  15460  16383  19969  21487  23891  25752  26001  26256  26694  28435  30078  31910  34109 
Cell#043  205.4  007.0   048 :   279  1621  3229  4396  5283  5298  7064  7692  8445  9889  10492  11037  11468  12272  12979  13843  14381  14595  15466  15989  17284  17852  17933  18083  18829  19201  19970  20465  22605  22735  23645  24398  24850  25752  26256  26278  26662  27597  29207  30248  30445  31145  31355  31990  32422  33598  33925  34677 
Cell#044  208.9  104.4   039 :   283  2334  3191  3453  5724  7417  7432  7693  7901  9917  10667  10795  13151  13502  14589  15990  17115  18083  19313  19640  19712  19969  21061  21919  23783  25046  25682  26551  26920  27708  28160  28913  29567  32406  33429  33594  34672  35007  35692 
Cell#045  215.9  062.7   008 :   11043  11769  15702  17109  27801  30576  32190  33596 
Cell#046  226.3  076.6   015 :   5886  12476  14385  15700  18836  20361  24247  25045  26663  31335  32670  32945  33959  34672  34901 
Cell#047  229.8  013.9   017 :   279  3451  6743  8451  9890  12010  12284  15990  17272  18835  19974  21322  22598  33421  34593  35208  35849 
Cell#048  229.8  118.4   008 :   3845  11244  15701  21308  23507  25045  26648  35517 
Cell#049  233.3  034.8   006 :   5898  26655  31256  31531  32787  35705 
Cell#050  240.2  107.9   003 :   5067  25045  28594 
Cell#051  240.2  076.6   060 :   997  1463  2012  2254  2746  3230  3453  4027  5087  5703  5879  6030  6684  7203  7698  8452  8620  8948  9348  9860  13156  14379  14596  14916  15008  15696  15976  16768  17239  18651  19726  19976  20562  21309  22076  22606  22737  22964  23762  24422  25359  25757  25976  26177  26268  26663  26696  28305  29051  29769  29850  30464  30855  31962  32957  33415  34109  34559  35353  35953 
Cell#052  243.7  017.4   002 :   31901  34108 
Cell#053  250.7  097.5   002 :   6154  30849 
Cell#054  254.2  007.0   028 :   205  2856  3453  6855  8615  11041  11401  13933  14189  14595  15466  17769  19628  19976  21112  21309  22605  22671  25045  25752  26281  26666  32787  32956  33611  34332  34594  35686 
Cell#055  264.6  090.5   006 :   6160  7574  12031  21309  30628  34593 
Cell#056  268.1  052.2   041 :   279  1606  4759  5285  5729  6076  6338  7436  7685  9891  10083  10493  12109  15988  16336  16552  18096  19176  19975  20452  22037  22964  25046  25347  25752  25988  26257  27292  27662  27795  28303  28992  29658  30079  30255  30850  31491  31878  33788  34677  35195 
Cell#057  278.5  080.1   038 :   279  501  1678  2855  3455  3857  4322  7614  10631  10832  11003  12037  12553  13157  13497  16323  19967  20542  20818  21066  21309  21878  24713  24875  25045  25210  25446  25589  28691  29038  29221  29553  31026  33421  34122  34180  34319  35829 
Cell#058  282.0  062.7   035 :   279  4852  5284  6862  7070  7442  8779  10610  11469  11979  12281  12835  14385  15137  15989  17947  18123  19027  19538  19974  21310  21485  22325  22507  23646  23873  25045  25623  25753  26696  30248  31962  33409  34676  34902 
Cell#059  285.5  038.3   018 :   270  1965  2855  9105  9667  9870  14922  15461  15990  18279  19530  19635  19974  20328  22258  22605  26269  32507 
Cell#060  292.5  090.5   026 :   277  2765  5696  7326  8455  9826  13266  15465  15989  17304  18304  19975  20818  22605  23873  24044  24875  26282  26663  30445  30856  31025  32787  33421  33747  35523 
Cell#061  302.9  111.4   006 :   10591  23198  23391  25045  30627  35517 
Cell#062  302.9  073.1   009 :   500  1365  1607  9669  10606  15131  22317  23658  24876 
Cell#063  302.9  007.0   032 :   259  1253  1365  1763  3457  4486  5721  8567  9342  10494  11035  12284  13693  15465  19975  20415  20458  20667  22525  22603  22964  23841  25045  26047  26224  26665  27598  29573  31919  32192  33191  33951 
Cell#064  306.4  041.8   023 :   501  736  1457  2248  3451  4432  4818  5688  6862  9346  12607  12835  19973  21322  22023  22075  23252  25045  25360  25758  26065  27990  29763 
Cell#065  313.3  034.8   066 :   279  500  1457  1710  2247  2759  3066  3451  4432  5357  5479  6154  6646  6861  7075  7678  7928  8451  9341  9851  9883  9981  10255  10500  10793  10997  11021  11467  12280  13699  14196  14595  15464  15793  15990  16382  18279  19024  19215  19973  21093  22021  22049  22330  22605  22961  23391  23888  24221  25668  25752  26177  27294  27834  27991  28304  29057  29647  30855  31509  32033  32196  32965  33419  33585  34680 
Cell#066  320.3  104.4   002 :   10471  35816 
Cell#067  327.3  027.9   026 :   245  1365  3229  3458  6161  6755  8451  11009  11338  15467  15983  18841  19967  22328  22604  22964  23534  25602  26277  27245  29201  29482  30850  32441  33415  34599 
Cell#068  337.7  031.3   043 :   278  1958  3215  5735  7443  7928  9127  9715  9824  11042  11473  12036  12284  12762  13235  15466  15990  17947  18266  18823  19652  19974  22605  22963  24239  25359  25681  25758  26061  27853  28303  29489  30633  31038  31256  31347  32439  32968  33421  33960  34679  35849  35981 
Cell#069  337.7  104.4   017 :   500  6742  10609  13157  15632  16963  17279  21304  21650  22325  24876  25043  25213  26658  29765  32232  32796 
Cell#070  344.7  052.2   007 :   4818  6743  7330  16959  19967  25044  35521 
Cell#071  351.6  090.5   004 :   4569  19967  20635  21335 
Cell#072  355.1  024.4   051 :   279  887  2248  3202  3457  4023  4833  5370  5742  6625  6873  7843  8453  9123  9884  10493  11040  11338  11467  11787  12037  12285  12999  13259  13665  14189  14587  15466  15990  16225  17237  18089  18835  19534  19647  19968  22605  22963  24246  24870  25046  25675  26275  27250  29481  31026  31151  32962  33419  33612  33762 
Cell#073  365.6  048.7   021 :   113  279  1088  2764  4013  5486  8452  11925  12600  14505  17840  18123  19969  22880  26001  27448  28160  31020  31830  32421  35946 
Cell#074  369.0  076.6   005 :   14354  18240  22010  30425  30627 
