Total No of Frames = 18000  (1 frame = 10 msec)

Cell No.   X      Y    N_Spikes  Frames
Cell#001  034.5  103.4   010 :   12817  13806  13934  14088  15143  15192  15836  15988  17021  17654 
Cell#002  045.9  100.5   000 :  
Cell#003  045.9  143.6   009 :   7887  7982  9338  10351  11647  12822  14027  15983  17811 
Cell#004  051.7  123.5   002 :   12829  13908 
Cell#005  063.2  091.9   000 :  
Cell#006  063.2  109.1   010 :   1849  2629  2831  3071  4346  4368  4496  4744  7911  8008 
Cell#007  080.4  083.3   000 :  
Cell#008  080.4  180.9   027 :   38  167  324  1416  2620  2682  3794  5364  6572  7639  9921  10160  14491  15789  15834  15884  15913  15998  16059  16507  16642  16761  16875  17630  17697  17762  17952 
Cell#009  083.3  114.8   002 :   11641  12822 
Cell#010  091.9  132.1   006 :   10159  12900  14606  15988  17655  17721 
Cell#011  100.5  106.2   006 :   1350  3868  4059  5776  10160  14524 
Cell#012  109.1  149.3   002 :   7326  11642 
Cell#013  109.1  169.4   001 :   10160 
Cell#014  114.8  186.6   000 :  
Cell#015  120.6  126.3   000 :  
Cell#016  132.1  140.7   001 :   11641 
Cell#017  137.8  178.0   000 :  
Cell#018  137.8  109.1   021 :   2961  4136  4229  4714  5369  6721  7802  10804  11438  11640  11789  13795  13896  15107  15817  16453  16532  16996  17108  17645  17721 
Cell#019  146.4  186.6   000 :  
Cell#020  155.0  235.4   000 :  
Cell#021  157.9  206.7   001 :   15088 
Cell#022  163.7  134.9   029 :   1135  6587  7716  10161  10909  11638  11759  11804  12115  12280  12821  12940  13077  13320  13807  13868  13892  14505  14518  14586  14652  15105  15803  16451  16519  16763  17006  17026  17658 
Cell#023  172.3  143.6   009 :   5459  12831  12938  15809  16490  16597  16755  17012  17663 
Cell#024  195.2  178.0   005 :   13356  13818  15842  16119  17917 
Cell#025  195.2  146.4   002 :   2630  6587 
Cell#026  201.0  189.5   002 :   10161  10191 
Cell#027  206.7  152.2   001 :   10162 
Cell#028  209.6  223.9   001 :   5353 
Cell#029  209.6  178.0   006 :   5389  6610  7714  12819  13801  15820 
Cell#030  212.5  206.7   000 :  
Cell#031  218.2  183.8   000 :  
Cell#032  229.7  166.5   032 :   15  359  489  1998  2072  2658  3794  3913  4078  4255  4431  4565  4780  5983  6586  6742  6890  6915  7007  7200  7804  7840  8015  8071  8288  8322  8421  9013  9042  9102  10162  15109 
Cell#033  229.7  186.6   007 :   1320  1714  2073  3808  7738  12173  16539 
Cell#034  232.6  215.3   000 :  
Cell#035  235.4  201.0   000 :  
Cell#036  258.4  155.0   002 :   16469  17188 
Cell#037  267.0  175.1   015 :   1499  2679  2888  2998  3866  3973  5390  6597  6653  7711  8927  10258  11587  13807  14597 
Cell#038  269.9  189.5   010 :   1121  3799  3864  5362  6587  7715  13811  14514  15879  15987 
Cell#039  281.4  235.4   001 :   9092 
Cell#040  284.2  160.8   010 :   5351  6596  7715  10153  10234  11037  12691  14519  15020  16959 
Cell#041  287.1  198.1   013 :   38  156  447  1587  1910  2074  2754  2815  2943  3833  5524  6655  7717 
Cell#042  301.5  195.2   002 :   12684  17922 
Cell#043  307.2  212.5   002 :   12680  14703 
Cell#044  310.1  255.5   002 :   1133  13272 
Cell#045  315.8  238.3   002 :   12701  14698 
Cell#046  321.6  180.9   002 :   10159  11540 
Cell#047  321.6  203.8   004 :   50  2617  4423  12686 
Cell#048  327.3  235.4   046 :   16  114  214  501  649  1348  1399  1476  1572  1634  2641  2695  2776  3838  3881  4055  5393  6589  6629  7730  8931  9002  10452  10863  11458  11679  12525  12822  13363  13403  13489  13949  14088  14612  14664  14771  14899  15139  15866  15919  16022  16090  16668  17663  17776  17936 
Cell#049  344.5  180.9   002 :   12687  15824 
Cell#050  347.4  235.4   037 :   154  335  1343  1531  1613  2733  3824  5438  8995  11440  11649  12680  12848  15083  15154  15411  15533  15640  15693  15806  15991  16100  16207  16409  16448  16503  16557  16617  16755  16860  16998  17304  17361  17437  17519  17644  17842 
Cell#051  347.4  252.7   066 :   99  153  387  623  1351  1446  1846  2610  2729  2825  3791  3814  4078  5367  5406  5549  5596  5932  6606  6804  7775  8051  8372  8974  9287  9472  9608  10249  10343  10780  11471  11622  11743  12216  12302  12400  12492  12690  12885  12990  13048  13421  13487  14059  14095  14369  14528  14624  14674  14749  14794  14916  15072  15263  15400  15558  15680  15957  16085  16215  16456  16875  17016  17225  17631  17969 
Cell#052  356.0  189.5   024 :   1114  9462  9491  9609  9671  10993  11442  11549  11656  12176  12238  12307  12689  12978  13335  14041  14132  14191  14505  14593  14680  14740  16759  17883 
Cell#053  361.8  246.9   002 :   12670  17734 
Cell#054  367.5  235.4   001 :   14189 
Cell#055  376.1  189.5   006 :   12685  14186  15835  16490  16654  17900 
Cell#056  381.9  209.6   003 :   12688  14185  15832 
Cell#057  387.6  178.0   011 :   1128  10160  10178  12106  12399  12688  12817  13799  14186  15830  17637 
Cell#058  396.2  232.6   003 :   12682  14187  15831 
Cell#059  396.2  201.0   019 :   87  292  931  1180  1568  1775  2125  3126  3773  4595  5777  8050  8127  8223  8296  12688  14185  15831  17334 
Cell#060  399.1  183.8   074 :   80  496  1115  1327  1382  1592  1811  2141  2620  2734  3207  3796  4021  4169  4785  5358  5482  5603  5691  5816  6035  6576  6754  6910  6983  7184  7692  7795  7867  7977  8079  8220  8907  8956  9049  9083  9457  9569  9711  10160  10187  10317  10431  10458  10779  10848  10930  11024  11391  11407  11443  11567  11648  12104  12686  12816  12958  13056  13104  13314  13354  13386  13788  14045  14181  14517  15094  15388  15807  15832  16451  16598  17006  17644 
Cell#061  404.8  258.4   007 :   8991  9311  12119  13798  14183  15831  17882 
Cell#062  407.7  215.3   004 :   6603  8928  14185  15832 
Cell#063  413.4  178.0   005 :   2104  7839  7927  9094  14185 
Cell#064  419.2  209.6   001 :   14187 
Cell#065  433.5  229.7   025 :   95  172  199  658  1395  1515  2759  3791  5446  7708  7993  8913  8991  9510  10251  11444  12238  12700  12960  13807  14187  15990  16542  17652  17690 
Cell#066  442.1  195.2   020 :   6028  6593  6808  6932  7064  7701  7751  7872  9001  10188  10799  10980  11395  11439  12408  12829  13384  13813  14186  15832 
Cell#067  445.0  212.5   039 :   1118  6604  7734  8917  8984  10161  10431  10778  10856  11031  11406  11439  11517  11648  11812  12105  12199  12315  12818  12896  12922  13322  13800  13898  14511  14537  14600  14730  15097  15808  15934  15991  16458  17003  17639  17680  17721  17837  17911 
Cell#068  447.9  229.7   000 :  
Cell#069  459.4  223.9   000 :  
Cell#070  462.2  192.4   004 :   11448  15831  15997  17725 
Cell#071  470.9  146.4   000 :  
Cell#072  476.6  235.4   006 :   1367  12122  13383  15110  15996  17663 
Cell#073  482.3  183.8   000 :  
Cell#074  488.1  252.7   000 :  
Cell#075  491.0  155.0   000 :  
Cell#076  499.6  209.6   000 :  
Cell#077  511.1  195.2   000 :  
Cell#078  522.5  218.2   000 :  
Cell#079  522.5  160.8   001 :   1347 
Cell#080  528.3  175.1   000 :  
Cell#081  534.0  163.7   000 :  
Cell#082  534.0  206.7   000 :  
Cell#083  542.6  155.0   000 :  
Cell#084  548.4  218.2   000 :  
Cell#085  548.4  198.1   003 :   15621  16743  17902 
Cell#086  557.0  160.8   000 :  
Cell#087  557.0  172.3   000 :  
Cell#088  577.1  172.3   000 :  
Cell#089  588.6  149.3   000 :  
Cell#090  597.2  134.9   000 :  
Cell#091  602.9  166.5   000 :  
Cell#092  614.4  103.4   000 :  
Cell#093  617.3  132.1   032 :   94  191  371  400  502  1159  1343  1383  1412  1457  1542  1693  1751  1811  1946  2640  3815  3882  3926  3981  5358  6592  7699  8909  10158  10820  10913  10940  10957  11484  12120  12815 
Cell#094  617.3  178.0   000 :  
Cell#095  625.9  189.5   002 :   11395  12384 
Cell#096  631.6  083.3   079 :   270  370  511  564  1153  1349  1461  1508  1634  1695  1865  1910  2022  2054  2100  2687  2733  2756  2815  2893  3043  3251  3786  3828  3882  3917  4230  4283  4319  4373  4541  4745  5384  5435  5504  5744  5826  5866  5953  6036  6604  6641  6979  7080  7128  7219  7700  7732  7765  7836  7966  8003  8082  8112  8173  8208  8264  8309  8919  8986  9284  9334  9421  9453  9604  9666  9880  10160  10306  10429  10793  11069  12464  12896  13444  14077  14591  15833  15989 
Cell#097  631.6  201.0   000 :  
Cell#098  631.6  071.8   000 :  
Cell#099  634.5  109.1   002 :   535  6776 
Cell#100  634.5  134.9   000 :  
Cell#101  643.1  157.9   004 :   3207  9093  15989  16547 
Cell#102  651.7  045.9   003 :   7748  7905  8078 
Cell#103  660.4  129.2   003 :   13959  17078  17971 
Cell#104  666.1  117.7   000 :  
Cell#105  666.1  020.1   041 :   1147  7946  10161  10185  10232  10315  10851  10971  11068  11414  11457  11671  12118  12152  12183  12294  12842  12889  12976  13333  13419  13811  13879  13958  14012  14052  14541  14623  14701  14786  15121  15816  15871  15977  16022  16494  16528  16667  17021  17656  17718 
Cell#106  671.8  054.6   000 :  
Cell#107  674.7  077.5   011 :   3931  6793  7917  8977  9071  10162  10945  11434  11527  14529  17653 
Cell#108  689.1  063.2   000 :  
Cell#109  697.7  045.9   017 :   1948  5363  7699  8931  10160  10883  11770  12177  12312  12821  13347  13483  14874  15088  15818  17650  17723 
Cell#110  712.0  031.6   048 :   19  227  257  400  1169  2709  3811  4070  5465  5807  5864  6899  7208  8148  9334  10160  10349  10852  10897  10983  11420  11535  11576  11659  12124  12265  12896  13083  13315  13422  13788  13859  13979  14798  15143  15234  15821  16009  16468  16560  16629  17035  17093  17133  17190  17646  17788  17890 
Cell#111  714.9  051.7   000 :  
Cell#112  723.5  017.2   000 :  
