Total No of Frames = 18000  (1 frame = 10 msec)

Cell No.   X      Y    N_Spikes  Frames
Cell#001  025.8  163.7   005 :   235  730  1640  2103  2512 
Cell#002  031.6  143.6   000 :  
Cell#003  051.7  209.6   005 :   4834  10184  10877  10978  11512 
Cell#004  057.4  189.5   007 :   2479  5159  11920  12929  13156  14641  14678 
Cell#005  066.0  149.3   000 :  
Cell#006  066.0  206.7   000 :  
Cell#007  066.0  132.1   000 :  
Cell#008  068.9  166.5   000 :  
Cell#009  080.4  134.9   000 :  
Cell#010  080.4  155.0   000 :  
Cell#011  086.1  186.6   029 :   28  482  2622  3804  4063  4240  4496  4794  7486  7778  8325  8687  8994  9255  9570  9726  9833  10020  10232  10497  10778  10988  11427  11484  11776  12430  12543  13581  16729 
Cell#012  091.9  175.1   000 :  
Cell#013  100.5  229.7   035 :   421  536  694  1045  1289  1382  1398  1426  1593  1938  2067  2623  2675  4009  4062  4265  4545  7588  7760  8604  8672  8839  9550  10554  10754  10992  11227  12164  12538  12787  12890  12957  13089  13239  13955 
Cell#014  109.1  152.2   001 :   15271 
Cell#015  109.1  180.9   001 :   5786 
Cell#016  114.8  112.0   000 :  
Cell#017  120.6  149.3   036 :   27  679  936  1100  1346  1611  1831  2174  2352  2942  3182  4083  4165  4521  4663  4855  4917  5030  7766  8598  8668  8757  9003  9040  9595  9854  10065  10350  10883  11770  12047  12716  12899  12979  13217  16724 
Cell#018  120.6  203.8   014 :   5293  5346  5660  14221  14329  14438  14470  14606  14645  14828  16157  16214  16261  16372 
Cell#019  120.6  223.9   000 :  
Cell#020  126.3  166.5   000 :  
Cell#021  132.1  120.6   040 :   1837  2378  2465  4106  4190  4831  5643  7119  7823  8080  8356  8757  9240  10046  11044  12322  13044  13568  13597  14068  14117  14311  14379  14514  14924  14981  15087  15168  15273  15412  16074  16176  16742  16818  16845  17193  17302  17560  17904  17983 
Cell#022  134.9  155.0   012 :   2068  2367  2626  6842  8603  10555  12548  12601  13237  14996  15095  15274 
Cell#023  137.8  189.5   000 :  
Cell#024  155.0  114.8   000 :  
Cell#025  155.0  134.9   011 :   167  233  1651  1712  1784  1928  2076  2525  2915  3122  3283 
Cell#026  157.9  155.0   008 :   5177  5257  5591  8276  10786  11866  13055  13472 
Cell#027  169.4  120.6   014 :   431  782  1303  4175  4810  9777  9836  10483  11147  12260  12690  13118  13389  13514 
Cell#028  169.4  172.3   001 :   15426 
Cell#029  172.3  086.1   000 :  
Cell#030  172.3  106.2   001 :   15620 
Cell#031  175.1  160.8   010 :   1344  2379  6001  6117  6164  6298  8120  14949  16857  17182 
Cell#032  183.8  114.8   004 :   15408  16077  17189  17561 
Cell#033  183.8  103.4   000 :  
Cell#034  183.8  045.9   000 :  
Cell#035  186.6  089.0   014 :   40  84  4854  5091  5222  5389  5473  5851  6121  12598  13570  13586  13926  16075 
Cell#036  189.5  143.6   000 :  
Cell#037  198.1  040.2   000 :  
Cell#038  201.0  117.7   000 :  
Cell#039  201.0  089.0   001 :   16069 
Cell#040  203.8  146.4   023 :   4057  5421  5512  5562  5644  5811  6127  6155  11905  14139  14188  14257  14350  14598  14744  14856  14944  15084  15141  15174  15231  15412  16136 
Cell#041  206.7  157.9   005 :   12318  14905  15120  16141  16217 
Cell#042  212.5  086.1   000 :  
Cell#043  215.3  040.2   000 :  
Cell#044  215.3  169.4   030 :   150  712  5237  5261  5399  5490  6692  6773  6918  7000  7531  12899  13985  14065  14198  14668  14764  14905  14973  15091  15118  15167  15266  16086  16165  16184  16749  16782  17202  17911 
Cell#045  223.9  143.6   041 :   22  114  514  1873  2751  3007  3204  4122  5056  5206  5230  5328  5383  5447  5487  5512  6251  7829  9437  9688  10060  10376  11218  11783  11851  12024  12734  12883  12955  13223  13563  13809  13860  13913  13945  14000  14156  14923  15447  16075  16239 
Cell#046  223.9  155.0   002 :   5350  13564 
Cell#047  223.9  091.9   041 :   19  1446  2422  2613  3215  3416  4278  4637  5362  5550  5787  5879  5993  6301  7455  7758  8139  8424  8728  9392  10111  10915  11134  11457  11560  11611  11940  12034  12177  13567  13617  13752  13779  13793  13844  14134  14419  14586  15183  15418  16082 
Cell#048  232.6  060.3   086 :   12  48  108  547  776  827  1068  1379  1573  1804  1849  2384  2865  2948  3189  3589  3773  4268  5092  5171  5204  5293  5343  5481  5658  7083  7772  8031  8395  9037  9262  9368  10010  10363  10433  10467  10747  11425  11465  11994  12192  12576  12842  12925  13041  13252  13565  13595  13643  13729  13810  13871  13933  13993  14091  14151  14265  14330  14346  14391  14494  14582  14741  14776  14811  14872  14910  14973  15027  15048  15162  15202  15222  15278  15340  16073  16141  16246  16310  16735  16845  17187  17256  17561  17908  17966 
Cell#049  235.4  014.4   000 :  
Cell#050  235.4  080.4   022 :   1605  2066  2363  2981  4833  5552  5952  9430  10037  10365  10766  13597  14005  14332  14498  14590  14647  14714  15145  15215  16085  16108 
Cell#051  235.4  157.9   001 :   16647 
Cell#052  241.2  143.6   007 :   1175  2183  2561  2826  4209  5757  8172 
Cell#053  241.2  106.2   002 :   3442  5169 
Cell#054  249.8  097.6   041 :   40  502  1102  1367  1399  3796  4833  4876  4965  5074  5259  5364  5423  5621  5768  5900  6011  6179  11433  11754  11843  12372  14681  14712  14824  14998  15100  15179  16074  16151  16287  16461  16760  16844  17191  17215  17281  17567  17665  17692  17893 
Cell#055  252.7  028.7   000 :  
Cell#056  252.7  066.0   132 :   66  179  338  475  671  941  1022  1105  1267  1361  1388  1514  1604  1713  1807  1916  1982  2071  2194  2342  2455  2602  2871  2969  3078  3163  3308  3464  3555  3635  3749  3915  4034  4138  4252  4340  4453  4513  4591  4640  4731  4785  4835  4960  5022  5164  5217  5266  5328  5468  5573  5628  5720  5787  5879  5954  6068  6206  6309  6387  6617  6716  6829  6965  7167  7256  7348  7437  7535  7640  7994  8065  8190  8316  8419  8543  8769  8865  8930  9068  9160  9269  9360  9430  9526  9603  9701  9810  9994  10166  10312  10526  10612  10645  10717  10857  10970  11093  11199  11273  11334  11429  11491  11545  11673  11797  11880  12016  12150  12234  12284  12384  12477  12548  12637  12833  13028  13192  13327  13472  13551  15018  15778  16065  16252  16340  16608  16739  17046  17190  17484  17846 
Cell#057  255.5  143.6   008 :   5871  5935  5987  6104  10740  15266  15327  15374 
Cell#058  261.3  114.8   015 :   39  1093  3779  5071  5191  9008  9587  10195  10346  10376  10426  12991  13801  16864  17610 
Cell#059  269.9  063.2   000 :  
Cell#060  278.5  114.8   010 :   9  105  1111  14041  14107  14171  14238  15251  16369  16751 
Cell#061  278.5  137.8   104 :   2060  2359  2680  2942  3310  3385  3537  3736  4063  4084  4242  4442  4494  4796  4833  4856  4872  4912  5105  5174  5268  5359  5620  6208  6520  6972  7037  7241  7380  7470  7544  7754  8015  8075  8266  8461  8672  8830  9003  9181  9430  9591  9839  9861  10007  10041  10327  10604  10739  10861  10886  11039  11141  11436  11760  11843  11959  12050  12316  12442  12563  12722  12909  12948  13084  13409  13556  13583  13685  13739  13840  13888  13959  13995  14019  14141  14210  14239  14369  14575  14806  14848  15056  15219  15275  15419  15545  16037  16070  16140  16195  16245  16312  16341  16368  16735  16810  16828  17120  17181  17303  17553  17879  17905 
Cell#062  281.4  089.0   000 :  
Cell#063  295.7  123.5   011 :   269  4302  5023  5471  5671  6298  6553  10755  11522  14283  14638 
Cell#064  295.7  057.4   048 :   842  1705  2546  2918  3138  3551  3602  3691  3847  4381  4545  4874  8387  8601  8675  8741  9000  9037  9258  9354  9401  9589  9631  9713  9843  9926  10026  10186  10520  10602  10857  10911  11013  11184  11248  11424  11542  11808  11985  12032  12131  12370  12752  12944  13199  13416  13503  16746 
Cell#065  295.7  091.9   001 :   50 
Cell#066  304.3  017.2   000 :  
Cell#067  307.2  103.4   019 :   505  1288  1816  2760  3194  3305  3387  3533  4984  5104  6534  10595  11273  12738  12897  13434  13697  13735  17201 
Cell#068  315.8  068.9   002 :   491  10994 
Cell#069  315.8  112.0   018 :   143  711  1192  1987  2132  2853  3648  4306  4701  5118  5837  5928  10319  12062  14038  14776  16844  17238 
Cell#070  321.6  132.1   072 :   943  1886  2024  2129  2205  2956  3148  3535  3753  4067  4120  4319  4799  5111  5641  5684  5742  5810  5866  5900  5954  5983  6129  6195  7040  8209  8271  8466  8617  8676  8959  10024  10329  10634  11141  11770  11846  12418  12445  12562  12719  12897  13033  13557  14510  14643  14679  14756  14833  14857  14914  14949  14973  15009  15040  15066  15074  15094  15118  15178  15220  15259  15305  15328  15408  15478  16049  16185  16218  16245  17124  17884 
Cell#071  333.0  097.6   024 :   34  69  1846  1974  2358  2703  2930  3345  3575  4606  4674  4817  7959  8812  9562  10657  10764  10858  11434  12210  14977  16731  17194  17557 
Cell#072  333.0  057.4   017 :   142  230  665  748  865  1312  1525  1582  1628  1710  1837  1892  1957  2427  2511  2605  2737 
Cell#073  338.8  020.1   000 :  
Cell#074  344.5  097.6   017 :   5377  5508  5612  5757  5777  6571  14434  14793  14869  14903  14980  15027  15113  15196  15411  17310  17686 
Cell#075  356.0  048.8   066 :   29  117  335  1099  1134  1599  2391  2422  2438  2716  2861  3545  3586  3649  3810  4158  4288  4889  4918  5019  5166  5201  5367  5511  6005  6828  7990  9343  9469  9665  10560  11871  11989  12047  12420  13090  13641  13710  13770  13863  13919  13974  14056  14132  14250  14327  14426  14960  15220  15288  15345  15417  15439  15545  16075  16094  16116  16161  16249  16270  16288  16327  16735  16855  17295  17569 
Cell#076  364.6  068.9   022 :   122  165  246  558  767  835  1038  1139  1349  1406  1906  1951  2153  2344  2436  2736  3189  3551  3618  3743  4249  4331 
Cell#077  364.6  057.4   000 :  
Cell#078  367.5  114.8   002 :   16137  17545 
Cell#079  367.5  086.1   002 :   5259  5438 
Cell#080  373.2  097.6   012 :   5276  5430  5743  5777  5961  6157  6410  6646  14727  14898  15161  17545 
Cell#081  376.1  060.3   007 :   648  882  1774  3854  14470  14540  14932 
Cell#082  381.9  126.3   000 :  
Cell#083  381.9  103.4   028 :   1155  1377  1614  2424  3549  6870  6926  7002  8019  8251  9003  9640  16074  16097  16133  16189  16227  16256  16734  16818  16858  17200  17292  17604  17647  17707  17903  17958 
Cell#084  390.5  120.6   036 :   22  82  1844  2261  2687  2920  3210  3842  4080  4218  4633  8369  8621  9021  10251  10936  12473  12728  13045  13685  13769  13788  13958  13980  14076  16122  16222  16785  16839  17205  17257  17297  17575  17619  17932  17980 
Cell#085  393.3  100.5   039 :   4318  5447  6194  7260  7836  8573  10432  10509  11035  11051  11242  11261  11324  11493  12603  12660  12950  13198  13483  13927  13963  14020  14181  14208  14260  14520  14652  14844  14937  15037  15140  15346  16135  16218  16721  16810  17292  17591  17903 
Cell#086  404.8  123.5   000 :  
Cell#087  404.8  074.6   000 :  
Cell#088  407.7  091.9   063 :   1105  1449  1650  1709  1855  2391  2546  2701  3629  3800  4083  4847  4944  5031  5181  5252  5286  5535  5943  7771  8648  10046  10372  10446  10620  11433  12754  13048  13232  13255  13294  13588  13688  13759  13779  13830  13895  13924  14081  14113  14194  14240  14501  14541  14569  14656  14764  14821  15275  15422  16092  16133  16165  16207  16729  16785  16845  17201  17282  17576  17614  17652  17947 
Cell#089  419.2  103.4   002 :   4257  14388 
Cell#090  424.9  057.4   000 :  
Cell#091  427.8  137.8   000 :  
Cell#092  436.4  109.1   023 :   1314  5042  5118  5147  5238  5312  5359  5384  5439  5464  5554  5608  5667  5723  5827  5850  6017  6139  7602  14546  14809  14877  15299 
Cell#093  450.8  103.4   009 :   899  2969  5297  5351  9208  13646  13738  13890  14454 
Cell#094  456.5  086.1   003 :   9371  14647  14752 
Cell#095  456.5  045.9   000 :  
Cell#096  459.4  160.8   027 :   16  48  74  1812  1857  2413  4105  6534  10357  10881  10940  11195  11436  11742  11826  11964  12037  12155  16055  16130  16332  16727  17193  17223  17555  17614  17924 
Cell#097  468.0  137.8   000 :  
Cell#098  470.9  074.6   001 :   7356 
Cell#099  473.7  120.6   001 :   8867 
Cell#100  488.1  112.0   088 :   5  42  485  557  816  1084  1371  1815  1890  2275  2359  2726  3365  3583  3758  3849  4120  4302  4833  5032  5109  5168  5244  5335  5483  5569  5590  5640  5789  5852  5904  6119  6323  7245  7475  7562  7778  8031  8339  8519  8626  8740  9009  9828  10023  10610  10890  13568  13918  13955  13988  14091  14148  14193  14237  14357  14388  14438  14457  14548  14856  14932  15001  15071  15119  15182  15211  15267  15287  15306  15342  15367  15413  15440  16075  16144  16198  16247  16264  16304  16739  16833  17195  17254  17278  17601  17910  17960 
Cell#101  493.8  132.1   006 :   15143  16092  16183  16738  16803  16839 
Cell#102  499.6  103.4   000 :  
Cell#103  502.4  091.9   060 :   469  535  646  786  881  1110  1288  1436  1668  1814  1876  2055  2068  2184  2243  2717  3146  3343  3380  3837  3937  4260  4638  5773  6556  6686  6867  6978  7062  7122  7474  7551  7615  7824  8348  8368  8414  8634  8652  8765  8824  8885  9031  9200  9350  9437  9592  9795  10997  11585  11944  12218  12375  12711  13329  13805  14023  14199  14387  16048 
Cell#104  505.3  143.6   026 :   4367  5008  5184  5336  5363  5465  5613  5992  6956  8246  8423  8565  10959  12884  14054  14110  14477  14646  14815  14924  14943  14999  15064  15219  15305  15423 
Cell#105  505.3  160.8   073 :   5  479  692  2077  2351  2411  2690  2708  2753  3186  3777  4079  4106  4504  4635  4834  4878  7800  8055  8225  8371  8616  8648  8759  9375  10017  10177  10371  10398  10898  11198  12575  12931  13588  13654  13759  14044  14276  14299  14352  14389  14455  14507  14547  14605  14642  14695  14736  14799  14860  14892  14950  14971  15029  15062  15091  15179  15217  15266  15354  15551  16073  16104  16253  16733  16810  17179  17261  17553  17574  17906  17936  17976 
Cell#106  511.1  103.4   002 :   15179  15269 
Cell#107  516.8  114.8   042 :   462  1084  1355  1521  1826  1989  2749  3211  3560  3767  4081  4713  5007  7192  7566  7763  8082  8350  8597  8656  8761  8821  11167  11526  11847  12340  12506  12752  12937  13609  13659  13723  14841  14938  14967  15012  15131  15237  15358  15451  16200  17577 
Cell#108  525.4  160.8   000 :  
Cell#109  525.4  123.5   003 :   45  493  3579 
Cell#110  536.9  166.5   028 :   2389  2446  3587  3811  4116  4156  4300  5997  6094  8513  10822  13921  14719  14788  14871  14977  15064  15188  15221  15258  16090  16148  16214  16753  16860  17234  17584  17654 
Cell#111  539.8  126.3   025 :   4979  5258  5293  5356  5398  5522  6722  13791  14120  14250  14273  14326  14348  14397  14436  14477  14516  14545  14598  14641  14872  14926  15085  15169  15276 
Cell#112  545.5  106.2   001 :   16343 
Cell#113  545.5  089.0   000 :  
Cell#114  545.5  071.8   000 :  
Cell#115  551.3  160.8   000 :  
Cell#116  562.7  114.8   000 :  
Cell#117  571.3  126.3   000 :  
Cell#118  571.3  169.4   002 :   5742  14006 
Cell#119  585.7  097.6   000 :  
Cell#120  594.3  169.4   009 :   493  1622  7799  10621  13329  16082  17199  17321  17570 
Cell#121  597.2  134.9   000 :  
Cell#122  620.2  155.0   009 :   10011  14502  14869  14910  14974  15064  15226  15269  15330 
Cell#123  620.2  129.2   000 :  
Cell#124  628.8  189.5   025 :   64  2388  4893  7091  7132  7234  7406  7525  8070  8103  8365  8625  9033  10038  10359  10400  10661  10772  10876  11448  12608  12728  13648  13757  16071 
Cell#125  631.6  166.5   001 :   12886 
