Total No of Frames = 18000  (1 frame = 10 msec)

Cell No.   X      Y    N_Spikes  Frames
Cell#001  011.5  140.7   002 :   9046  13566 
Cell#002  020.1  132.1   000 :  
Cell#003  025.8  223.9   000 :  
Cell#004  028.7  100.5   032 :   1542  2793  4138  5110  5299  5667  6695  7808  8289  9043  10338  10546  10790  10940  11357  11987  12600  12908  13095  13567  14317  14788  15066  15311  15592  15819  16888  17011  17293  17419  17648  17778 
Cell#005  037.3  112.0   000 :  
Cell#006  040.2  166.5   000 :  
Cell#007  040.2  126.3   006 :   5104  5294  5671  6160  9040  13564 
Cell#008  051.7  235.4   000 :  
Cell#009  054.6  186.6   004 :   2791  9044  13564  15824 
Cell#010  066.0  229.7   064 :   134  301  487  745  883  1014  1163  1365  1535  1828  1947  2154  2318  2783  3431  3842  3977  4132  4315  4487  4608  4704  4861  5088  5280  5487  5587  5665  6149  6499  6611  6936  7053  7388  7517  7798  8090  8286  8505  9038  9513  10332  10549  10931  11346  11623  11859  11987  12597  12904  13090  13565  14015  14516  14786  15061  15594  15823  16343  16887  17007  17286  17646  17781 
Cell#011  077.5  080.4   019 :   2832  6364  6610  6937  7301  8178  9745  10342  10460  10926  11501  11536  12623  14254  15580  15818  16486  17527  17666 
Cell#012  080.4  203.8   000 :  
Cell#013  083.3  183.8   001 :   9040 
Cell#014  086.1  238.3   000 :  
Cell#015  091.9  080.4   012 :   518  1232  1996  2820  4131  11983  13559  14307  15595  17004  17412  17772 
Cell#016  094.7  143.6   000 :  
Cell#017  097.6  172.3   062 :   311  747  967  1186  1544  1719  1774  1835  2324  2797  3311  3432  3653  3978  4331  4597  5101  5300  5678  6167  6367  6520  6693  7249  7809  8097  8307  8504  9035  9517  9752  9884  10082  10333  10790  11135  11359  11612  11634  11876  12439  12598  12904  13095  13570  14007  14334  14518  14785  15061  15323  15530  15824  15993  16342  16639  16885  17013  17301  17420  17647  17778 
Cell#018  097.6  114.8   004 :   146  1023  4139  12613 
Cell#019  097.6  201.0   040 :   148  486  745  1169  1536  2783  4137  4480  4795  4861  5097  5289  5655  6609  6689  6943  7801  8092  8291  9037  10541  10783  10935  11356  11622  11853  11987  12597  13093  13563  14019  14317  14789  15588  15820  16343  17002  17413  17646  17769 
Cell#020  109.1  137.8   000 :  
Cell#021  109.1  244.0   000 :  
Cell#022  109.1  074.6   003 :   2795  13566  15826 
Cell#023  114.8  094.7   000 :  
Cell#024  120.6  123.5   000 :  
Cell#025  120.6  235.4   000 :  
Cell#026  123.5  083.3   004 :   7811  12710  13570  15826 
Cell#027  126.3  146.4   002 :   9034  15586 
Cell#028  134.9  232.6   000 :  
Cell#029  137.8  077.5   000 :  
Cell#030  137.8  134.9   000 :  
Cell#031  140.7  114.8   000 :  
Cell#032  152.2  126.3   027 :   514  1029  1987  2794  3447  4137  4328  4865  5107  5665  6488  8293  9040  9119  9887  10549  11983  13568  13664  13750  15595  15823  15872  16646  17021  17426  17667 
Cell#033  157.9  057.4   000 :  
Cell#034  163.7  077.5   015 :   2902  5668  7516  7724  8507  9042  9126  9158  9230  10935  12897  13563  14870  15065  15826 
Cell#035  166.5  112.0   000 :  
Cell#036  172.3  054.6   001 :   13565 
Cell#037  175.1  132.1   068 :   147  307  494  749  1014  1167  1541  1958  2784  3439  3649  3979  4132  4311  4789  4851  5098  5294  5665  6157  6505  6691  6941  7059  7254  7399  7515  7627  7796  8091  8228  8285  8505  8792  9038  9515  9746  9885  10331  10542  10934  11625  11851  11982  12440  12592  12904  13089  13562  13630  14020  14244  14315  14785  15055  15303  15593  15692  15826  15893  16344  16643  16885  17011  17287  17415  17642  17779 
Cell#038  183.8  091.9   009 :   4496  4803  7807  9513  10941  11640  11985  15820  17779 
Cell#039  186.6  114.8   013 :   150  850  1467  4052  9043  9207  11363  13447  15205  15814  16843  17415  17639 
Cell#040  186.6  054.6   000 :  
Cell#041  201.0  057.4   000 :  
Cell#042  206.7  149.3   000 :  
Cell#043  209.6  043.1   000 :  
Cell#044  212.5  066.0   000 :  
Cell#045  218.2  106.2   000 :  
Cell#046  221.1  037.3   000 :  
Cell#047  223.9  057.4   000 :  
Cell#048  223.9  086.1   008 :   7275  8545  9039  9165  13565  13666  13742  14424 
Cell#049  223.9  155.0   006 :   2788  3442  4136  5104  5664  6157 
Cell#050  232.6  028.7   000 :  
Cell#051  244.0  126.3   000 :  
Cell#052  244.0  074.6   150 :   46  116  184  286  404  471  608  646  735  765  973  1023  1162  1340  1470  1529  1620  1848  1966  2165  2326  2782  2845  2879  2902  2952  3010  3097  3145  3175  3282  3402  3465  3568  3662  3724  3796  3852  3932  3983  4055  4104  4144  4193  4282  4471  4509  4528  4636  4793  4850  4888  4906  4987  5074  5147  5275  5343  5388  5478  5531  5646  5708  5774  5913  5981  6021  6109  6166  6317  6404  6477  6607  6677  6797  6821  6937  7058  7125  7379  7492  7614  7728  7778  7985  8030  8082  8185  8251  8481  8638  8737  8847  8978  9034  9099  9173  9262  9376  9515  9609  9724  9858  9887  9909  10002  10077  10122  10169  10223  10333  10431  10522  10541  10666  10713  10786  10933  11126  11153  11258  11370  11415  11438  11620  11741  11854  11982  12067  12161  12198  12270  12411  12596  12702  12816  13093  13218  13324  13480  13566  13651  14014  14216  14248  14321  14390  14421  14787  15074 
Cell#053  258.4  129.2   000 :  
Cell#054  258.4  071.8   012 :   530  2795  2835  4858  5665  9043  9062  11997  13564  13601  15828  15850 
Cell#055  267.0  028.7   007 :   5668  7811  9044  10945  11989  15826  17783 
Cell#056  267.0  097.6   000 :  
Cell#057  275.6  140.7   001 :   13564 
Cell#058  278.5  083.3   001 :   15824 
Cell#059  284.2  169.4   000 :  
Cell#060  290.0  126.3   008 :   5300  5663  8092  8287  9037  10335  10543  10942 
Cell#061  290.0  091.9   067 :   143  496  749  1015  1165  1539  2173  2322  2783  3432  3648  3980  4133  4322  4492  4792  4859  5101  5294  5663  6152  6686  7050  7248  7389  7521  7627  7804  8085  8285  8499  8791  9036  9512  9745  9888  10331  10543  10782  10932  11257  11349  11624  11858  11990  12438  12596  12905  13088  13564  14013  14246  14315  14505  14783  15056  15307  15590  15822  16341  16641  16888  17010  17285  17413  17643  17775 
Cell#062  295.7  063.2   075 :   143  302  492  523  749  1008  1166  1535  1959  2165  2319  2781  3434  3647  3975  4132  4322  4492  4791  4859  5095  5288  5486  5662  6149  6496  6610  6683  6939  7055  7133  7388  7509  7623  7805  8090  8286  8501  8790  9038  9513  9745  9877  10329  10544  10784  10936  11259  11353  11624  11856  11985  12432  12595  12901  13090  13475  13559  14009  14243  14310  14780  15058  15309  15586  15824  15989  16341  16637  16881  17005  17281  17413  17641  17772 
Cell#063  304.3  074.6   108 :   142  303  489  521  556  742  885  1013  1164  1365  1537  1956  2006  2164  2308  2594  2781  3167  3307  3431  3647  3844  3975  4132  4319  4490  4604  4706  4789  4864  5097  5287  5494  5592  5661  6019  6149  6344  6366  6493  6609  6684  6932  7051  7131  7242  7386  7510  7620  7803  8088  8284  8503  8664  8789  9037  9509  9744  9878  9988  10122  10208  10325  10543  10784  10933  11135  11248  11350  11623  11857  11987  12179  12279  12429  12590  12709  12900  13087  13209  13359  13473  13564  14009  14233  14313  14504  14650  14780  14968  15056  15147  15279  15305  15492  15590  15794  15821  15990  16337  16635  16812  16881  17008  17283  17414  17642  17773 
Cell#064  304.3  045.9   056 :   524  750  1018  1538  2006  2320  2783  3438  4135  4328  4798  4865  5102  5295  5665  6172  6500  6611  6685  7063  7387  7524  7630  7805  8097  8292  8506  9037  9512  10333  10541  10935  11261  11360  11624  11860  11987  12601  12905  13091  13565  14017  14246  14317  14788  15064  15149  15309  15591  15822  16340  17011  17290  17416  17647  17776 
Cell#065  307.2  112.0   000 :  
Cell#066  324.4  025.8   005 :   2786  5293  5665  9035  15824 
Cell#067  324.4  057.4   007 :   2782  5664  7807  9045  11361  13562  15819 
Cell#068  335.9  106.2   000 :  
Cell#069  341.7  063.2   019 :   1173  1535  2784  2822  5660  9044  10550  10936  11360  13565  14792  15069  15823  16346  16890  17006  17422  17650  17781 
Cell#070  350.3  103.4   000 :  
Cell#071  356.0  071.8   002 :   9042  9162 
Cell#072  361.8  034.5   000 :  
Cell#073  361.8  112.0   037 :   143  1012  1540  2784  3440  4136  5104  5662  6686  7388  7633  7808  9039  10333  10539  10788  10934  11261  11360  11620  11857  11990  12599  12905  13095  13563  14026  14785  15067  15822  16340  16639  16888  17003  17287  17421  17778 
Cell#074  373.2  023.0   010 :   5105  5666  9042  10559  10937  12906  13566  14790  15060  15826 
Cell#075  373.2  083.3   001 :   7247 
Cell#076  373.2  109.1   010 :   451  712  8604  8871  9181  13744  13954  17120  17619  17922 
Cell#077  381.9  100.5   061 :   146  1017  1542  2171  2332  2784  3313  3435  3978  4134  4321  4495  4793  4865  5100  5297  5665  6156  6499  6608  6684  7056  7390  7624  7807  8092  8288  8509  9041  9513  9753  10334  10544  10792  10936  11265  11354  11626  11854  11989  12436  12597  12904  13097  13224  13565  14015  14244  14787  15063  15313  15590  15823  15999  16344  16638  16891  17011  17290  17649  17771 
Cell#078  396.2  103.4   003 :   9041  10553  15823 
Cell#079  410.6  086.1   077 :   672  739  871  1008  1166  1235  1306  1537  2309  2782  2840  2879  2972  4133  4321  4484  4607  4694  4793  4864  5095  5295  5664  6502  6612  6689  6934  7054  7248  7389  7508  7621  7804  7833  8089  8288  8503  8785  8810  9037  9165  9888  10335  10460  10534  10787  10934  11135  11253  11351  11498  11623  11855  11983  12179  12428  12595  12716  12825  13083  13210  13359  13564  13588  13621  13660  13884  14011  14240  14308  14510  16339  16639  16890  17008  17642  17767 
Cell#080  416.3  037.3   005 :   6054  6148  6298  6731  17164 
Cell#081  422.1  086.1   000 :  
Cell#082  422.1  114.8   000 :  
Cell#083  430.7  048.8   006 :   522  10544  11316  15700  17285  17413 
Cell#084  433.5  020.1   104 :   45  144  297  485  526  740  877  1004  1165  1252  1537  1952  2004  2163  2306  2450  2605  2783  3169  3307  3431  3646  3839  3975  4132  4319  4490  4603  4708  4792  4863  5091  5281  5484  5599  5663  6005  6146  6342  6482  6608  6683  6805  6934  7049  7234  7386  7511  7621  7737  7803  8089  8287  8504  8660  8788  9035  9169  9509  9743  9878  9996  10332  10539  10786  10933  11130  11256  11355  11621  11855  11987  12179  12425  12592  12719  12899  13089  13213  13361  13473  13563  14012  14237  14315  14505  14781  14978  15059  15148  15302  15581  15794  15824  15987  16336  16637  16870  16887  17007  17286  17413  17641  17772 
Cell#085  445.0  060.3   013 :   157  2797  5110  5300  5666  9044  9281  9387  10944  13569  14017  14317  15827 
Cell#086  447.9  146.4   002 :   9045  13567 
Cell#087  450.8  023.0   002 :   2787  5305 
Cell#088  453.6  074.6   000 :  
Cell#089  453.6  040.2   000 :  
Cell#090  473.7  025.8   022 :   1375  4234  4377  6571  6638  6706  8459  9043  10387  12434  12580  13555  14522  14618  14720  14789  14843  14937  15033  15401  15822  17777 
Cell#091  476.6  126.3   088 :   137  293  467  526  736  1006  1165  1532  1770  1949  2164  2303  2778  3163  3297  3434  3644  3839  3972  4124  4319  4482  4597  4784  4856  5086  5286  5490  5665  5786  6141  6603  6683  7051  7235  7386  7513  7620  7786  8086  8287  8501  8788  8966  9035  9169  9509  9740  9872  10330  10535  10784  10933  11123  11254  11344  11622  11852  11977  12161  12416  12599  12714  12895  13083  13354  13469  13559  13873  14007  14315  14503  14650  14777  15061  15302  15472  15574  15820  15984  16334  16635  16886  17007  17280  17415  17643  17772 
Cell#092  479.5  080.4   000 :  
Cell#093  485.2  112.0   000 :  
Cell#094  511.1  103.4   000 :  
Cell#095  511.1  077.5   000 :  
Cell#096  525.4  146.4   008 :   7805  8079  8289  9043  10938  11356  13563  15826 
Cell#097  528.3  063.2   002 :   9038  13565 
Cell#098  531.2  083.3   000 :  
Cell#099  536.9  109.1   010 :   2784  4135  4859  5665  9045  10334  13562  15071  15823  17422 
Cell#100  539.8  178.0   000 :  
Cell#101  539.8  123.5   005 :   6163  8093  9042  10544  15825 
Cell#102  542.6  054.6   039 :   2782  4140  5291  5666  6166  6691  7390  7809  8095  8290  8512  9041  10334  10544  10937  11261  11361  11626  11862  11988  12437  12601  12905  13094  13566  14013  14245  14319  14510  14786  15060  15305  15590  15820  15993  16888  17010  17649  17772 
Cell#103  545.5  083.3   000 :  
Cell#104  551.3  129.2   000 :  
Cell#105  551.3  097.6   001 :   15827 
Cell#106  557.0  160.8   009 :   744  1018  1534  2794  5103  5293  5662  7802  9040 
Cell#107  568.5  071.8   000 :  
Cell#108  571.3  091.9   000 :  
Cell#109  585.7  129.2   017 :   11359  11985  12438  12596  13565  14784  15068  15592  15818  15995  16337  16887  17006  17286  17420  17643  17774 
Cell#110  585.7  106.2   000 :  
Cell#111  585.7  172.3   002 :   2786  15822 
Cell#112  591.4  074.6   000 :  
Cell#113  594.3  089.0   000 :  
Cell#114  597.2  137.8   089 :   1  140  304  506  751  885  1025  1173  1373  1537  2171  2326  2782  3304  3436  3655  3984  4134  4322  4494  4795  4867  5095  5296  5664  6157  6367  6489  6611  6688  6940  7056  7254  7389  7630  7805  8088  8286  8510  8794  9037  9173  9511  9743  9880  9997  10331  10546  10789  10934  11138  11260  11355  11620  11857  11985  12178  12279  12428  12600  12720  12903  13091  13212  13360  13476  13563  14015  14238  14307  14507  14780  14964  15054  15305  15494  15588  15821  15987  16336  16635  16823  16887  17005  17285  17414  17639  17775  17965 
Cell#115  602.9  100.5   001 :   13564 
Cell#116  602.9  178.0   003 :   9041  10936  13562 
Cell#117  608.7  117.7   006 :   2786  5290  5664  9039  13567  16337 
Cell#118  620.2  169.4   006 :   4868  5297  9043  10943  13565  15823 
Cell#119  628.8  114.8   000 :  
Cell#120  637.4  140.7   029 :   2788  5296  5667  7804  8087  8289  9031  9738  10331  10541  10930  11344  11854  11989  13084  13563  14013  14789  15057  15303  15592  15822  16640  16888  17010  17287  17415  17643  17773 
Cell#121  643.1  163.7   001 :   13565 
Cell#122  646.0  109.1   000 :  
Cell#123  648.9  223.9   000 :  
Cell#124  660.4  140.7   000 :  
Cell#125  666.1  189.5   000 :  
Cell#126  677.6  137.8   000 :  
Cell#127  680.4  223.9   001 :   9039 
Cell#128  689.1  212.5   000 :  
Cell#129  691.9  169.4   000 :  
Cell#130  709.2  157.9   000 :  
Cell#131  717.8  178.0   000 :  
Cell#132  723.5  160.8   000 :  
Cell#133  723.5  195.2   000 :  
Cell#134  726.4  215.3   000 :  
