Total No of Frames = 18000  (1 frame = 10 msec)

Cell No.   X      Y    N_Spikes  Frames
Cell#001  031.6  132.1   000 :  
Cell#002  034.5  112.0   000 :  
Cell#003  043.1  086.1   068 :   266  453  534  643  1469  1693  2027  2366  2483  2675  2860  3033  3399  3788  3889  4194  4501  4890  5197  5456  6148  6729  7062  7271  7616  7894  8010  8043  8430  8698  8977  9602  9719  9768  10140  10389  10585  10904  11237  11352  11647  11739  11977  12090  12407  12568  12663  12984  13297  13449  13928  14157  14419  14555  14713  14906  14960  15238  15462  15640  15774  16149  16393  16501  16905  17113  17275  17616 
Cell#004  045.9  120.6   000 :  
Cell#005  060.3  106.2   000 :  
Cell#006  063.2  083.3   000 :  
Cell#007  066.0  063.2   000 :  
Cell#008  080.4  103.4   000 :  
Cell#009  083.3  166.5   000 :  
Cell#010  086.1  080.4   001 :   12570 
Cell#011  086.1  094.7   000 :  
Cell#012  091.9  155.0   000 :  
Cell#013  109.1  123.5   002 :   9746  16414 
Cell#014  109.1  157.9   002 :   13924  17106 
Cell#015  114.8  137.8   000 :  
Cell#016  117.7  180.9   000 :  
Cell#017  120.6  103.4   045 :   234  576  616  837  991  1125  1673  1954  3354  3383  3458  3504  3717  4316  4388  4917  5048  6233  6379  6781  7533  7684  7966  8076  8859  9576  10148  10282  10574  10888  11133  11518  11845  12967  13094  13162  13699  14380  14936  15420  15559  16298  16573  17168  17590 
Cell#018  132.1  112.0   001 :   14166 
Cell#019  134.9  169.4   006 :   5848  8978  11018  12407  15665  17546 
Cell#020  140.7  091.9   000 :  
Cell#021  149.3  152.2   000 :  
Cell#022  155.0  126.3   006 :   10102  12663  13308  14719  14907  15559 
Cell#023  155.0  195.2   000 :  
Cell#024  160.8  206.7   000 :  
Cell#025  163.7  140.7   005 :   648  2366  7480  14167  17278 
Cell#026  163.7  166.5   000 :  
Cell#027  175.1  132.1   004 :   2370  6913  7484  17015 
Cell#028  175.1  206.7   000 :  
Cell#029  183.8  180.9   010 :   8003  8566  9587  13904  13928  15760  16162  16258  17090  17710 
Cell#030  183.8  152.2   000 :  
Cell#031  189.5  203.8   003 :   262  17814  17947 
Cell#032  198.1  155.0   004 :   13445  13771  15501  17090 
Cell#033  201.0  137.8   000 :  
Cell#034  203.8  195.2   032 :   7  209  410  514  631  681  785  877  1594  2834  3032  3262  3385  3494  3632  3718  3824  4058  4145  4435  5015  6981  7493  7701  9271  10208  10347  11709  11911  12164  12441  16164 
Cell#035  203.8  238.3   000 :  
Cell#036  203.8  166.5   000 :  
Cell#037  212.5  157.9   002 :   4189  9541 
Cell#038  212.5  246.9   000 :  
Cell#039  218.2  183.8   000 :  
Cell#040  221.1  201.0   000 :  
Cell#041  229.7  238.3   001 :   7617 
Cell#042  232.6  201.0   000 :  
Cell#043  238.3  189.5   000 :  
Cell#044  246.9  163.7   001 :   15779 
Cell#045  252.7  235.4   000 :  
Cell#046  252.7  192.4   002 :   10370  17258 
Cell#047  255.5  218.2   000 :  
Cell#048  258.4  172.3   005 :   11294  12609  16392  17268  17548 
Cell#049  267.0  215.3   000 :  
Cell#050  267.0  206.7   000 :  
Cell#051  272.8  232.6   001 :   11367 
Cell#052  275.6  195.2   000 :  
Cell#053  278.5  212.5   001 :   11365 
Cell#054  290.0  241.2   002 :   2028  14674 
Cell#055  292.9  201.0   152 :   80  263  288  361  461  536  637  841  872  1021  1109  1269  1436  1556  1615  1691  1726  1817  1904  2018  2227  2361  2494  2567  2672  2752  2853  3022  3395  3532  3590  3722  3826  4081  4190  4330  4418  4496  4699  4832  4935  4960  5068  5165  5184  5282  5398  5450  5723  5854  5949  6054  6141  6263  6336  6430  6592  6631  6729  6911  7009  7061  7216  7267  7371  7479  7614  7700  7848  7926  8001  8031  8283  8417  8469  8566  8682  8716  8850  8884  8927  9125  9199  9260  9380  9546  9710  9771  10010  10218  10351  10489  10837  10917  11018  11141  11170  11222  11366  11558  11651  11736  11849  11991  12071  12207  12356  12475  12567  12660  12919  12992  13152  13290  13429  13555  13635  13752  13919  14052  14087  14161  14398  14542  14673  14709  14820  14897  14959  15171  15216  15379  15448  15559  15663  15760  15976  16102  16285  16389  16528  16735  16903  17001  17076  17210  17262  17474  17614  17711  17798  17932 
Cell#056  301.5  229.7   000 :  
Cell#057  301.5  252.7   000 :  
Cell#058  304.3  238.3   033 :   2006  2055  2320  3384  3656  3829  3981  4127  4181  4498  5377  5438  5941  6013  6497  6725  7638  8364  8563  9520  9589  9742  10619  10739  10840  11290  12558  12627  13748  15445  15563  15608  17539 
Cell#059  304.3  192.4   000 :  
Cell#060  307.2  218.2   003 :   12787  13747  14501 
Cell#061  315.8  232.6   006 :   2000  3386  8564  10625  11294  17015 
Cell#062  318.7  206.7   000 :  
Cell#063  321.6  252.7   029 :   1545  1994  3070  3385  4176  5430  6009  6976  7617  8561  9587  9743  10486  10624  10656  11019  11289  12559  12624  13457  13864  14881  15443  15562  16789  16903  16961  17156  17517 
Cell#064  321.6  189.5   001 :   10134 
Cell#065  327.3  206.7   006 :   656  2024  5458  10157  11285  15487 
Cell#066  330.2  238.3   028 :   1548  1993  2019  3070  3384  4176  5432  6010  6975  7617  8560  9589  9744  10486  10620  11288  12556  12623  13456  13861  14881  15445  15560  16786  16905  16961  17156  17515 
Cell#067  333.0  272.8   000 :  
Cell#068  335.9  212.5   000 :  
Cell#069  338.8  189.5   024 :   1549  2000  3379  4172  5431  6004  6988  7633  8556  9589  9745  10486  10621  10655  11289  12557  12632  13864  15445  15561  16789  16965  17134  17521 
Cell#070  338.8  229.7   004 :   2559  8858  15304  16990 
Cell#071  344.5  172.3   000 :  
Cell#072  344.5  278.5   000 :  
Cell#073  347.4  209.6   001 :   9555 
Cell#074  350.3  264.1   000 :  
Cell#075  361.8  201.0   000 :  
Cell#076  364.6  183.8   000 :  
Cell#077  367.5  229.7   000 :  
Cell#078  379.0  209.6   020 :   2191  3059  4713  5138  5344  7681  7898  8709  9244  9360  10095  10171  10272  11343  14098  14164  14719  16158  16369  17493 
Cell#079  384.7  235.4   000 :  
Cell#080  396.2  252.7   000 :  
Cell#081  396.2  238.3   000 :  
Cell#082  402.0  223.9   000 :  
Cell#083  404.8  264.1   000 :  
Cell#084  413.4  246.9   001 :   16110 
Cell#085  416.3  223.9   009 :   1506  1649  2518  2587  5192  10263  15728  15771  16157 
Cell#086  416.3  192.4   008 :   2021  2368  7483  8052  8959  10582  10627  12569 
Cell#087  422.1  209.6   013 :   639  682  1462  7077  7675  7761  9557  12708  14267  14814  15001  15729  17257 
Cell#088  422.1  261.3   014 :   1652  1771  6502  8099  10087  10661  12239  12408  13748  14956  15458  15781  17653  17881 
Cell#089  430.7  238.3   020 :   637  1942  2829  2933  2966  3718  3816  6045  7574  9547  10183  11122  11253  12643  13386  16128  16160  17032  17517  17678 
Cell#090  433.5  209.6   000 :  
Cell#091  442.1  212.5   001 :   10142 
Cell#092  445.0  238.3   000 :  
Cell#093  447.9  198.1   002 :   2372  2556 
Cell#094  456.5  223.9   000 :  
Cell#095  462.2  195.2   040 :   263  540  1443  1473  2367  3043  3525  4149  4835  5080  5731  5940  6434  6610  6921  7076  7268  7613  7700  7848  8427  8741  9211  9387  9558  9722  10012  10840  11236  12405  13432  13554  13754  14150  14909  15459  15534  16159  16526  17106 
Cell#096  473.7  241.2   004 :   3446  3553  10671  13773 
Cell#097  476.6  183.8   024 :   27  325  388  642  1683  2733  3679  5855  6434  6718  8269  9123  9579  10058  10581  10737  11260  11359  11934  12028  16167  16258  16526  17269 
Cell#098  482.3  201.0   177 :   35  84  182  263  443  539  616  644  894  1002  1047  1099  1117  1278  1463  1544  1620  1711  1813  1857  1890  2013  2312  2369  2495  2571  2741  2762  2814  2843  2865  3044  3056  3072  3397  3542  3586  3735  3846  3875  4085  4147  4185  4336  4395  4500  4822  4855  4934  5005  5078  5159  5192  5289  5436  5722  5855  5956  6043  6137  6196  6267  6394  6429  6615  6724  6914  6994  7063  7267  7385  7491  7558  7616  7704  7813  7895  7977  8051  8290  8328  8412  8478  8567  8733  8836  8894  8915  8953  9130  9172  9281  9374  9528  9558  9716  9735  9987  10059  10099  10206  10285  10336  10383  10463  10578  10626  10851  10920  10982  11185  11256  11297  11359  11553  11641  11740  11867  11908  11964  12029  12055  12204  12359  12469  12525  12565  12654  12877  12988  13150  13293  13435  13471  13632  13709  13730  13772  13921  13973  14022  14096  14145  14413  14484  14528  14648  14726  14786  14804  14827  14908  14955  15212  15393  15469  15560  15717  16069  16163  16270  16378  16532  16696  16730  16792  16908  17011  17088  17271  17498  17608  17696  17814  17883  17932  17979 
Cell#099  488.1  183.8   039 :   394  1029  1623  1904  3740  4166  4197  4338  4499  4936  5191  5410  6150  6432  6733  7483  8961  10100  10496  10628  11218  11741  12471  12663  13309  14093  14161  14717  14908  15467  15560  15730  15779  16177  16536  17270  17714  17817  17940 
Cell#100  488.1  232.6   006 :   639  1541  1684  10580  10737  16164 
Cell#101  491.0  258.4   000 :  
Cell#102  499.6  238.3   021 :   388  1029  1354  1622  3741  4164  4339  4499  4934  5190  5411  6148  6735  10095  11217  11738  12468  12607  12660  14908  17269 
Cell#103  499.6  201.0   000 :  
Cell#104  505.3  157.9   007 :   1147  6033  11234  14258  15782  16412  17053 
Cell#105  513.9  246.9   000 :  
Cell#106  516.8  221.1   004 :   15774  16410  17008  17269 
Cell#107  522.5  172.3   002 :   12167  17527 
Cell#108  525.4  209.6   024 :   325  339  391  866  1081  1101  1441  2100  2516  3136  4121  6029  6902  6940  10119  14845  14865  15014  15069  15268  15291  17013  17609  17933 
Cell#109  528.3  229.7   000 :  
Cell#110  534.0  183.8   000 :  
Cell#111  542.6  201.0   000 :  
Cell#112  548.4  160.8   001 :   2370 
Cell#113  548.4  183.8   000 :  
Cell#114  557.0  258.4   000 :  
Cell#115  565.6  203.8   000 :  
Cell#116  571.3  235.4   000 :  
Cell#117  582.8  201.0   000 :  
Cell#118  585.7  160.8   000 :  
Cell#119  588.6  137.8   003 :   4996  5084  16214 
Cell#120  594.3  195.2   000 :  
Cell#121  602.9  143.6   025 :   293  2369  2872  4418  5275  5417  5458  6149  7494  8300  8427  8978  10373  10554  11237  11849  12003  13406  13937  14821  14959  16290  16538  16911  17104 
Cell#122  625.9  189.5   013 :   1189  1629  1657  3633  5011  5084  6775  9422  10340  12330  13300  13859  15427 
Cell#123  631.6  172.3   000 :  
Cell#124  640.3  143.6   001 :   13631 
Cell#125  640.3  206.7   017 :   651  1946  1964  2004  2827  2918  3021  3078  5374  6398  7473  7548  8977  9286  9805  10570  14162 
Cell#126  648.9  180.9   045 :   1181  1299  1537  1646  2386  2455  2618  2692  2748  4424  4534  4926  4976  6317  6379  6652  6716  7588  7726  7755  8140  9568  9637  9766  10126  10404  11012  11346  11401  11526  12280  12881  12968  13054  13209  13679  14707  14790  14951  15000  15980  16144  16233  17808  17925 
Cell#127  651.7  160.8   000 :  
Cell#128  666.1  160.8   000 :  
Cell#129  671.8  134.9   000 :  
Cell#130  680.4  080.4   082 :   307  452  471  499  551  676  1659  1816  1971  2023  2352  2527  2571  2628  2660  2697  2841  2877  2981  3091  4121  4353  4418  4525  5481  5916  5987  6029  6111  6200  6415  6445  6572  6755  7109  7295  7324  7356  7444  7545  7630  7653  7669  7751  7950  8050  8073  8120  8897  8992  9803  10626  11422  12064  12450  12582  12681  13015  13448  13975  14180  14271  14446  14515  14533  14768  14792  14899  14926  14977  15363  15609  15631  15649  15803  16555  16992  17043  17294  17689  17916  17958 
Cell#131  689.1  100.5   036 :   262  536  1278  1475  2021  2368  2761  2878  3075  3399  3591  3883  4198  5453  6150  6734  7068  7620  7704  8427  9377  9990  10583  11025  12150  12565  12662  13466  13782  14958  15562  16167  16542  17276  17617  17854 
Cell#132  689.1  114.8   000 :  
Cell#133  691.9  134.9   000 :  
Cell#134  697.7  149.3   002 :   1785  10332 
Cell#135  717.8  071.8   000 :  
