Total No of Frames = 18000  (1 frame = 10 msec)

Cell No.   X      Y    N_Spikes  Frames
Cell#001  011.5  083.3   043 :   2565  3213  3461  3478  3589  3745  3958  4159  4410  4656  4922  5193  5459  5765  6100  6443  6769  7088  7472  7844  8177  8493  8793  9108  9439  9743  10100  10533  10830  12978  13265  13569  13912  14237  14532  14924  15286  15565  16117  16526  16837  17125  17495 
Cell#002  017.2  060.3   043 :   2564  3214  3463  3591  3601  3744  3958  4160  4411  4656  4921  5193  5458  5764  6100  6443  6768  7088  7472  7844  8177  8491  8794  9108  9437  9743  10099  10533  10831  12978  13263  13569  13910  14236  14531  14924  15286  15566  16116  16527  16836  17124  17495 
Cell#003  020.1  031.6   042 :   2564  3213  3463  3592  3745  3958  4160  4411  4657  4923  5193  5458  5765  6100  6443  6769  7087  7472  7845  8176  8492  8795  9107  9438  9742  10100  10533  10832  12978  13263  13570  13910  14237  14532  14925  15286  15566  16115  16526  16837  17124  17495 
Cell#004  020.1  100.5   042 :   2564  3209  3462  3592  3746  3959  4159  4409  4658  4922  5193  5459  5765  6101  6443  6769  7087  7472  7845  8173  8493  8794  9108  9438  9742  10101  10533  10833  12978  13265  13570  13911  14236  14532  14922  15281  15566  16115  16528  16836  17124  17495 
Cell#005  023.0  017.2   057 :   1852  2563  3215  3462  3591  3746  3958  4160  4410  4656  4922  5194  5458  5766  6101  6443  6770  7086  7471  7845  8175  8491  8793  9107  9438  9743  10098  10532  10831  11293  11317  11496  11825  11908  11972  12049  12208  12341  12376  12714  12898  12979  13015  13075  13264  13570  13911  14237  14530  14924  15285  15566  16115  16526  16835  17124  17495 
Cell#006  031.6  112.0   047 :   2563  3213  3463  3592  3746  3959  4160  4411  4655  4922  5194  5460  5765  6100  6444  6769  7087  7472  7846  8176  8491  8794  9107  9439  9745  10101  10533  10833  12202  12509  12517  12709  12978  13265  13571  13912  14236  14531  14925  15285  15567  16043  16117  16526  16837  17124  17494 
Cell#007  034.5  063.2   042 :   2563  3213  3463  3590  3745  3958  4160  4409  4655  4922  5192  5458  5764  6100  6443  6768  7086  7473  7844  8176  8492  8793  9107  9438  9743  10100  10532  10830  12978  13264  13569  13909  14236  14531  14924  15285  15566  16116  16525  16838  17124  17496 
Cell#008  037.3  097.6   043 :   2563  3213  3463  3590  3745  3959  4159  4410  4656  4922  5193  5459  5764  6102  6444  6769  7088  7471  7844  8176  8493  8794  9107  9437  9742  10099  10534  10832  12978  13088  13264  13570  13910  14238  14531  14924  15285  15566  16115  16526  16836  17124  17495 
Cell#009  037.3  080.4   042 :   2565  3212  3463  3591  3745  3958  4160  4409  4657  4922  5193  5458  5766  6101  6444  6769  7087  7472  7845  8175  8491  8793  9108  9438  9742  10100  10534  10831  12979  13263  13568  13910  14236  14532  14924  15285  15567  16115  16526  16836  17124  17497 
Cell#010  040.2  023.0   042 :   2563  3213  3463  3590  3745  3958  4160  4410  4656  4922  5193  5458  5764  6101  6443  6768  7087  7472  7844  8177  8492  8794  9107  9437  9742  10099  10532  10831  12977  13263  13569  13911  14236  14530  14925  15285  15566  16115  16526  16837  17126  17496 
Cell#011  040.2  017.2   042 :   2565  3215  3462  3591  3745  3958  4161  4410  4657  4922  5194  5459  5764  6100  6444  6767  7089  7471  7844  8177  8491  8794  9107  9438  9744  10100  10533  10833  12978  13263  13568  13911  14235  14531  14925  15286  15566  16115  16526  16837  17124  17495 
Cell#012  043.1  117.7   042 :   2562  3212  3462  3588  3743  3959  4161  4410  4658  4922  5195  5458  5765  6101  6444  6768  7086  7470  7846  8175  8492  8793  9106  9437  9742  10099  10533  10830  12978  13266  13569  13910  14236  14532  14924  15286  15568  16115  16526  16836  17124  17497 
Cell#013  048.8  040.2   042 :   2563  3213  3464  3592  3746  3958  4160  4410  4656  4922  5194  5459  5764  6100  6444  6770  7086  7471  7846  8176  8491  8793  9107  9438  9742  10100  10532  10832  12978  13263  13568  13911  14235  14531  14924  15285  15567  16116  16526  16835  17126  17496 
Cell#014  051.7  160.8   042 :   2563  3213  3463  3590  3745  3960  4161  4410  4656  4922  5193  5460  5764  6102  6445  6771  7086  7472  7846  8177  8492  8794  9107  9437  9743  10102  10532  10832  12978  13265  13569  13912  14236  14533  14924  15285  15566  16116  16527  16839  17124  17497 
Cell#015  060.3  080.4   042 :   2562  3212  3463  3587  3745  3958  4161  4410  4656  4923  5194  5458  5765  6100  6445  6769  7087  7473  7846  8175  8491  8793  9107  9437  9742  10099  10533  10832  12978  13263  13569  13911  14235  14532  14925  15285  15567  16115  16528  16837  17124  17495 
Cell#016  060.3  020.1   054 :   251  1302  1691  2564  2595  2618  2634  2652  2727  3039  3212  3463  3591  3744  3959  4160  4411  4656  4923  5194  5460  5766  6101  6443  6768  7087  7473  7845  8175  8492  8793  9108  9437  9744  10021  10099  10534  10831  11330  12978  13265  13570  13910  14236  14533  14926  15284  15566  15604  16115  16527  16837  17125  17495 
Cell#017  060.3  060.3   044 :   2563  3214  3463  3592  3744  3959  4161  4409  4656  4922  5193  5458  5765  6100  6443  6769  7086  7471  7845  8175  8491  8793  9109  9438  9742  10099  10532  10832  12979  13263  13570  13911  14236  14531  14925  15285  15566  16038  16062  16116  16526  16837  17124  17496 
Cell#018  063.2  189.5   042 :   2563  3214  3463  3591  3745  3958  4160  4409  4657  4923  5193  5459  5765  6100  6443  6769  7087  7472  7845  8175  8491  8794  9107  9437  9743  10099  10533  10831  12978  13264  13569  13910  14237  14531  14924  15285  15566  16115  16526  16836  17124  17495 
Cell#019  063.2  114.8   042 :   2563  3214  3464  3590  3745  3959  4162  4410  4656  4922  5194  5459  5766  6102  6445  6771  7088  7473  7846  8177  8491  8794  9107  9440  9743  10100  10533  10831  12978  13265  13570  13912  14236  14531  14925  15285  15566  16116  16527  16838  17125  17495 
Cell#020  071.8  169.4   042 :   2562  3213  3461  3592  3747  3961  4161  4411  4657  4925  5192  5460  5765  6100  6444  6769  7088  7471  7845  8176  8492  8795  9107  9437  9743  10099  10533  10832  12979  13264  13569  13910  14235  14531  14924  15284  15567  16115  16526  16836  17123  17497 
Cell#021  080.4  080.4   042 :   2563  3212  3463  3590  3744  3958  4160  4410  4656  4922  5193  5459  5766  6101  6444  6770  7086  7471  7845  8175  8492  8793  9107  9437  9742  10100  10533  10832  12978  13263  13569  13911  14236  14531  14924  15285  15566  16115  16526  16837  17124  17495 
Cell#022  080.4  140.7   040 :   2564  3211  3464  3591  3745  3958  4160  4410  4656  5458  5764  6101  6444  6769  7087  7473  7844  8175  8492  8793  9107  9437  9743  10099  10534  10832  12979  13263  13569  13910  14235  14531  14924  15285  15567  16115  16526  16836  17125  17495 
Cell#023  083.3  114.8   042 :   2564  3213  3462  3591  3745  3958  4162  4410  4656  4922  5193  5460  5765  6102  6445  6769  7087  7473  7845  8175  8493  8794  9107  9438  9742  10100  10533  10832  12978  13264  13569  13910  14237  14532  14925  15285  15567  16115  16526  16837  17124  17497 
Cell#024  083.3  206.7   042 :   2564  3212  3462  3590  3745  3958  4160  4409  4656  4922  5193  5460  5764  6100  6444  6769  7087  7471  7844  8175  8493  8793  9107  9437  9743  10100  10533  10833  12978  13265  13569  13911  14235  14532  14924  15285  15566  16116  16525  16836  17125  17495 
Cell#025  091.9  123.5   042 :   2564  3213  3460  3591  3745  3960  4159  4410  4656  4923  5194  5459  5765  6101  6443  6769  7086  7471  7845  8177  8491  8794  9108  9437  9743  10099  10532  10833  12978  13263  13569  13910  14236  14531  14925  15284  15566  16115  16526  16836  17124  17496 
Cell#026  094.7  097.6   042 :   2565  3212  3463  3591  3745  3958  4160  4409  4656  4921  5193  5458  5765  6101  6443  6770  7087  7472  7844  8177  8491  8793  9109  9438  9743  10099  10533  10833  12978  13264  13569  13910  14236  14532  14925  15286  15568  16115  16526  16837  17124  17495 
Cell#027  100.5  203.8   043 :   2564  3213  3462  3590  3745  3958  4159  4410  4660  4921  5193  5458  5765  6102  6444  6769  7087  7472  7496  7844  8178  8493  8793  9108  9438  9742  10100  10533  10831  12978  13263  13569  13911  14236  14532  14924  15285  15568  16114  16526  16836  17125  17495 
Cell#028  103.4  132.1   042 :   2560  3214  3462  3592  3747  3958  4161  4410  4656  4923  5195  5459  5765  6101  6444  6771  7088  7471  7844  8176  8491  8793  9108  9439  9742  10099  10533  10833  12979  13263  13569  13910  14237  14532  14924  15286  15567  16116  16526  16835  17124  17496 
Cell#029  114.8  206.7   042 :   2564  3214  3462  3593  3746  3960  4162  4411  4656  4923  5195  5461  5766  6102  6444  6769  7087  7472  7847  8177  8493  8793  9109  9440  9744  10101  10534  10833  12978  13264  13570  13910  14235  14531  14926  15286  15566  16118  16527  16837  17124  17495 
Cell#030  117.7  146.4   042 :   2564  3214  3461  3590  3746  3958  4160  4409  4656  4923  5192  5458  5765  6101  6445  6769  7087  7473  7844  8175  8491  8794  9107  9437  9742  10100  10532  10832  12978  13264  13569  13910  14235  14531  14925  15285  15566  16116  16527  16836  17124  17496 
Cell#031  120.6  235.4   041 :   2565  3213  3590  3746  3959  4160  4411  4657  4922  5194  5458  5763  6100  6444  6770  7087  7471  7844  8176  8491  9108  9133  9438  9742  10099  10532  10833  12979  13264  13570  13911  14235  14532  14924  15286  15568  16116  16526  16836  17125  17495 
Cell#032  137.8  235.4   042 :   2564  3214  3462  3593  3746  3958  4160  4410  4656  4921  5194  5459  5765  6100  6443  6769  7088  7472  7845  8176  8492  8794  9109  9438  9742  10100  10532  10831  12980  13264  13569  13910  14236  14532  14923  15285  15566  16116  16526  16836  17124  17497 
Cell#033  137.8  157.9   042 :   2563  3214  3462  3590  3745  3959  4159  4411  4655  4922  5194  5458  5765  6100  6444  6769  7086  7472  7844  8176  8492  8793  9107  9437  9742  10099  10532  10833  12978  13264  13569  13910  14237  14532  14924  15285  15566  16116  16526  16836  17124  17495 
Cell#034  149.3  180.9   042 :   2564  3213  3461  3590  3745  3958  4159  4410  4656  4922  5193  5458  5764  6100  6444  6769  7087  7473  7845  8175  8492  8793  9108  9437  9742  10099  10534  10832  12978  13263  13569  13910  14236  14531  14924  15285  15568  16114  16526  16838  17123  17495 
Cell#035  155.0  192.4   042 :   2564  3214  3462  3590  3745  3958  4159  4411  4658  4922  5194  5459  5765  6101  6445  6772  7087  7473  7845  8176  8491  8793  9108  9437  9742  10099  10534  10833  12979  13264  13569  13910  14235  14531  14924  15285  15568  16116  16526  16837  17124  17495 
Cell#036  160.8  272.8   038 :   3744  3959  4160  4409  4656  4921  5194  5458  5764  6101  6443  6772  7089  7473  7844  8176  8491  8792  9106  9437  9742  10099  10532  10831  12980  13263  13570  13911  14235  14532  14923  15285  15567  16115  16526  16838  17123  17495 
Cell#037  166.5  166.5   042 :   2562  3213  3460  3591  3746  3958  4161  4411  4654  4922  5193  5457  5764  6100  6444  6769  7086  7471  7844  8176  8491  8793  9106  9437  9743  10099  10532  10832  12977  13263  13568  13911  14235  14531  14923  15285  15564  16116  16525  16835  17123  17495 
Cell#038  166.5  229.7   042 :   2562  3214  3464  3592  3746  3958  4161  4410  4656  4923  5194  5458  5766  6101  6445  6770  7087  7472  7845  8176  8491  8794  9107  9438  9742  10100  10534  10833  12978  13264  13569  13910  14235  14531  14924  15285  15566  16117  16527  16837  17125  17495 
Cell#039  169.4  201.0   042 :   2564  3214  3462  3592  3745  3958  4160  4410  4656  4922  5194  5459  5766  6100  6445  6769  7087  7471  7845  8176  8492  8794  9108  9439  9744  10099  10532  10832  12978  13264  13569  13911  14235  14531  14924  15285  15568  16116  16526  16837  17124  17496 
Cell#040  195.2  218.2   042 :   2564  3213  3463  3590  3745  3959  4160  4410  4656  4922  5194  5458  5764  6100  6444  6769  7087  7471  7844  8176  8492  8793  9108  9438  9742  10099  10532  10832  12977  13264  13569  13910  14235  14532  14924  15285  15567  16116  16525  16837  17124  17495 
Cell#041  195.2  183.8   061 :   906  1415  1785  2322  2563  2600  3213  3396  3463  3590  3745  3959  4159  4410  4656  4922  5194  5458  5764  6102  6444  6769  7087  7472  7845  8092  8176  8492  8793  9107  9438  9744  10099  10532  10833  12209  12330  12476  12978  13014  13074  13263  13569  13911  14235  14430  14524  14925  15104  15285  15472  15486  15568  15631  15915  16017  16115  16526  16836  17125  17495 
Cell#042  195.2  264.1   042 :   2562  3214  3463  3590  3746  3959  4160  4410  4656  4922  5193  5458  5765  6100  6444  6770  7087  7473  7845  8176  8491  8793  9108  9439  9742  10100  10532  10832  12978  13264  13568  13910  14235  14531  14924  15286  15567  16116  16525  16836  17125  17495 
Cell#043  198.1  241.2   058 :   461  566  889  988  1108  1244  1412  1731  2148  2292  2394  2547  2562  2690  2889  2996  3087  3214  3462  3591  3746  3958  4160  4410  4656  4922  5193  5460  5764  6101  6444  6770  7088  7472  7845  8176  8492  8793  9108  9437  9744  10100  10534  10831  12978  13264  13568  13909  14236  14530  14925  15285  15567  16115  16526  16836  17123  17495 
Cell#044  223.9  206.7   061 :   315  438  1313  1502  1853  2260  2563  3213  3462  3591  3746  3959  4160  4409  4556  4656  4740  4922  5193  5458  5765  6100  6444  6770  7087  7472  7845  8095  8175  8491  8794  9107  9438  9744  10099  10532  10833  12978  13263  13315  13463  13487  13570  13910  14235  14249  14440  14532  14694  14924  15084  15284  15352  15567  16116  16175  16207  16523  16836  17124  17495 
Cell#045  229.7  324.4   042 :   2564  3215  3462  3590  3747  3959  4161  4410  4657  4922  5194  5459  5764  6100  6443  6769  7087  7472  7845  8176  8491  8794  9108  9437  9742  10100  10532  10832  12978  13265  13569  13911  14235  14532  14924  15287  15566  16115  16525  16837  17125  17496 
Cell#046  238.3  241.2   042 :   2562  3214  3463  3591  3745  3959  4160  4410  4656  4922  5193  5458  5765  6101  6444  6769  7087  7471  7845  8176  8491  8793  9107  9437  9742  10099  10532  10833  12978  13264  13569  13910  14235  14531  14925  15285  15567  16115  16526  16836  17125  17495 
Cell#047  246.9  275.6   046 :   1201  2563  3213  3462  3591  3745  3959  4159  4410  4655  4922  5193  5458  5765  6101  6444  6769  7087  7473  7844  8175  8490  8793  9107  9437  9741  10099  10532  10831  12978  12990  13263  13509  13568  13910  14236  14532  14924  15285  15567  16115  16526  16837  17124  17496  17498 
Cell#048  246.9  223.9   043 :   2564  3214  3463  3591  3745  3959  4160  4411  4656  4922  5193  5458  5495  5764  6102  6443  6769  7087  7471  7844  8176  8491  8793  9107  9437  9742  10100  10532  10832  12978  13264  13569  13910  14236  14531  14925  15285  15567  16115  16526  16836  17124  17496 
Cell#049  255.5  307.2   042 :   2564  3213  3463  3591  3745  3958  4160  4411  4656  4922  5193  5458  5766  6101  6444  6769  7088  7472  7844  8177  8493  8793  9107  9437  9742  10099  10532  10832  12979  13264  13569  13910  14236  14532  14924  15284  15569  16115  16526  16836  17124  17496 
Cell#050  258.4  244.0   042 :   2563  3212  3463  3591  3745  3958  4160  4410  4657  4922  5194  5459  5764  6102  6444  6769  7087  7472  7845  8177  8491  8793  9108  9437  9742  10099  10533  10831  12978  13264  13570  13910  14236  14531  14925  15286  15567  16115  16526  16836  17124  17496 
Cell#051  272.8  264.1   042 :   2565  3214  3463  3592  3745  3958  4159  4410  4657  4923  5194  5459  5765  6100  6444  6769  7087  7473  7844  8176  8492  8794  9108  9439  9742  10100  10533  10832  12979  13265  13569  13910  14237  14532  14924  15285  15566  16115  16526  16837  17125  17496 
Cell#052  275.6  298.6   042 :   2563  3213  3461  3591  3745  3958  4160  4411  4656  4923  5193  5459  5765  6099  6443  6768  7087  7471  7845  8175  8491  8793  9107  9437  9742  10100  10532  10831  12978  13263  13570  13911  14236  14531  14924  15286  15566  16117  16527  16836  17125  17495 
Cell#053  278.5  272.8   043 :   2564  3214  3461  3590  3745  3958  4159  4412  4658  4924  5193  5459  5765  6100  6443  6768  7088  7471  7845  8176  8491  8793  9107  9437  9743  10099  10533  10833  12978  13263  13569  13910  14237  14531  14924  15284  15566  16116  16526  16837  16839  17125  17496 
Cell#054  278.5  318.7   041 :   2563  3213  3591  3745  3959  4160  4409  4656  4924  5194  5457  5766  6101  6443  6771  7087  7472  7845  8176  8491  8794  9108  9438  9741  10099  10532  10830  12978  13262  13568  13910  14235  14533  14925  15285  15566  16115  16529  16837  17124  17496 
Cell#055  281.4  226.8   042 :   2564  3214  3462  3591  3745  3959  4159  4409  4656  4921  5193  5458  5765  6100  6444  6770  7088  7472  7845  8175  8492  8793  9107  9437  9742  10099  10532  10831  12977  13263  13569  13910  14236  14531  14924  15284  15567  16115  16527  16836  17123  17494 
Cell#056  287.1  261.3   042 :   2564  3214  3463  3591  3746  3958  4160  4410  4658  4922  5194  5459  5764  6100  6444  6769  7087  7473  7845  8175  8491  8795  9108  9437  9743  10100  10532  10832  12978  13264  13569  13910  14237  14531  14924  15285  15567  16116  16527  16836  17124  17495 
Cell#057  301.5  307.2   042 :   2564  3213  3463  3591  3746  3959  4160  4411  4656  4922  5194  5459  5766  6102  6444  6770  7087  7472  7844  8176  8491  8794  9107  9439  9743  10100  10533  10832  12978  13264  13570  13910  14236  14532  14924  15285  15566  16116  16526  16836  17125  17496 
Cell#058  304.3  264.1   063 :   58  161  281  334  373  497  565  651  751  837  909  1099  1407  1527  1693  1824  1944  1960  2286  2406  2561  3213  3463  3592  3745  3958  4160  4410  4656  4922  5193  5458  5764  6100  6444  6770  7086  7472  7844  8175  8491  8793  9108  9438  9743  10099  10533  10831  12713  12978  13263  13569  13910  14236  14530  14924  15285  15566  16115  16525  16836  17124  17495 
Cell#059  307.2  235.4   042 :   2564  3213  3462  3591  3745  3958  4161  4409  4656  4922  5192  5458  5765  6101  6444  6769  7087  7473  7845  8175  8491  8793  9107  9437  9742  10099  10532  10831  12977  13263  13569  13910  14236  14531  14924  15285  15567  16114  16526  16836  17124  17495 
Cell#060  315.8  292.9   042 :   2564  3213  3463  3591  3745  3958  4159  4411  4657  4922  5193  5459  5766  6101  6443  6770  7087  7471  7844  8177  8491  8794  9109  9437  9742  10101  10532  10833  12978  13265  13570  13911  14236  14531  14924  15286  15567  16115  16526  16836  17124  17495 
Cell#061  315.8  315.8   042 :   2563  3214  3463  3592  3745  3959  4160  4409  4656  4922  5193  5459  5764  6100  6443  6769  7087  7472  7845  8176  8492  8793  9108  9437  9745  10099  10532  10831  12978  13264  13569  13911  14235  14532  14924  15285  15568  16116  16526  16837  17124  17495 
Cell#062  321.6  264.1   043 :   211  2564  3213  3462  3591  3745  3958  4160  4409  4656  4922  5193  5459  5765  6100  6443  6768  7087  7472  7844  8175  8490  8793  9107  9437  9742  10099  10532  10831  12978  13263  13569  13910  14235  14531  14924  15285  15567  16116  16525  16835  17124  17495 
Cell#063  321.6  335.9   041 :   2564  3213  3462  3591  3746  3958  4161  4411  4656  4922  5193  5458  5765  6101  6443  6770  7088  7472  7844  8175  8492  8793  9107  9438  9742  10100  10532  10833  12979  13263  13569  13910  14237  14531  14924  15285  16115  16525  16836  17125  17496 
Cell#064  327.3  292.9   042 :   2564  3214  3462  3591  3745  3960  4160  4409  4657  4922  5193  5459  5765  6102  6443  6770  7087  7474  7844  8176  8491  8794  9107  9438  9742  10100  10534  10833  12978  13264  13570  13911  14237  14531  14925  15285  15568  16115  16527  16837  17124  17495 
Cell#065  338.8  338.8   042 :   2564  3213  3463  3591  3745  3960  4160  4410  4656  4922  5193  5459  5765  6101  6443  6769  7088  7472  7846  8175  8491  8793  9107  9438  9742  10100  10532  10832  12978  13264  13569  13911  14235  14531  14924  15286  15567  16115  16527  16838  17125  17495 
Cell#066  344.5  278.5   042 :   2564  3214  3463  3591  3745  3958  4160  4410  4657  4923  5193  5458  5764  6101  6444  6769  7088  7473  7844  8176  8492  8793  9107  9437  9743  10099  10533  10832  12978  13263  13569  13910  14236  14532  14925  15285  15566  16115  16525  16837  17125  17496 
Cell#067  347.4  318.7   042 :   2564  3214  3462  3591  3745  3958  4161  4410  4656  4922  5193  5459  5765  6101  6444  6769  7087  7473  7844  8177  8491  8793  9107  9438  9743  10100  10532  10832  12977  13263  13569  13911  14236  14532  14924  15285  15568  16114  16527  16835  17124  17496 
Cell#068  353.1  255.5   042 :   2564  3214  3463  3592  3745  3958  4160  4410  4657  4923  5193  5459  5765  6101  6443  6769  7087  7473  7844  8176  8491  8793  9107  9438  9742  10100  10532  10831  12978  13264  13569  13911  14235  14531  14924  15285  15566  16115  16526  16838  17125  17495 
Cell#069  364.6  298.6   042 :   2564  3214  3462  3591  3746  3959  4160  4410  4657  4923  5194  5458  5765  6100  6444  6770  7087  7471  7845  8177  8492  8793  9107  9439  9743  10100  10532  10833  12978  13264  13569  13910  14237  14532  14924  15285  15567  16115  16527  16836  17124  17496 
Cell#070  364.6  235.4   045 :   2564  2599  2620  3214  3463  3591  3746  3960  4098  4160  4410  4656  4922  5194  5458  5765  6101  6444  6769  7088  7472  7845  8176  8491  8796  9107  9438  9742  10099  10533  10832  12978  13264  13569  13911  14235  14532  14926  15285  15567  16116  16526  16837  17125  17496 
Cell#071  370.4  278.5   044 :   2564  3214  3463  3591  3745  3958  4160  4409  4657  4922  5194  5458  5765  6100  6361  6397  6444  6769  7088  7473  7845  8176  8492  8794  9108  9437  9743  10099  10532  10832  12978  13264  13569  13912  14236  14531  14924  15285  15566  16115  16526  16837  17124  17496 
Cell#072  384.7  298.6   046 :   1606  1819  2564  3214  3463  3591  3745  3958  4160  4411  4658  4922  5193  5460  5765  6100  6443  6769  7087  7473  7846  8176  8491  8794  9108  9437  9742  10100  10532  10832  12978  13064  13263  13386  13570  13910  14236  14532  14924  15286  15567  16116  16526  16836  17124  17495 
Cell#073  384.7  321.6   042 :   2564  3214  3463  3591  3746  3958  4160  4412  4655  4922  5194  5458  5765  6101  6444  6770  7088  7472  7844  8178  8492  8793  9108  9438  9742  10100  10532  10833  12978  13264  13569  13910  14235  14531  14923  15285  15567  16116  16526  16836  17124  17497 
Cell#074  387.6  264.1   042 :   2564  3214  3462  3591  3745  3958  4160  4411  4657  4922  5193  5459  5765  6100  6444  6769  7087  7472  7844  8176  8491  8793  9108  9437  9743  10099  10532  10831  12978  13264  13569  13910  14235  14531  14924  15286  15566  16115  16526  16837  17126  17495 
Cell#075  396.2  275.6   043 :   2564  3214  3463  3592  3745  3959  4160  4411  4656  4923  5195  5459  5765  6101  6444  6769  7088  7472  7845  8176  8491  8794  9109  9438  9743  10100  10532  10832  12978  13264  13570  13910  14185  14235  14531  14924  15285  15568  16115  16526  16837  17124  17495 
Cell#076  399.1  255.5   042 :   2564  3214  3463  3591  3746  3958  4160  4410  4657  4922  5193  5446  5765  6102  6444  6769  7087  7472  7845  8176  8493  8794  9107  9438  9743  10100  10533  10832  12978  13264  13569  13890  14235  14532  14924  15285  15566  16115  16527  16836  17124  17495 
Cell#077  399.1  292.9   042 :   2565  3214  3463  3591  3745  3959  4160  4410  4657  4922  5193  5459  5766  6102  6444  6770  7087  7473  7845  8176  8492  8793  9107  9439  9742  10100  10534  10831  12978  13264  13569  13910  14236  14532  14924  15285  15568  16115  16526  16836  17124  17497 
Cell#078  413.4  324.4   043 :   2565  2573  3214  3463  3592  3746  3959  4161  4411  4656  4924  5194  5459  5765  6100  6444  6769  7089  7473  7846  8176  8493  8794  9109  9439  9744  10101  10534  10833  12978  13264  13569  13912  14237  14532  14926  15285  15568  16115  16527  16836  17124  17495 
Cell#079  413.4  252.7   045 :   2564  3214  3462  3543  3591  3745  3958  4160  4410  4656  4922  5195  5459  5765  6101  6443  6771  7087  7472  7845  8176  8491  8794  9107  9358  9438  9743  10100  10532  10831  12978  13263  13569  13731  13910  14237  14532  14924  15285  15566  16115  16526  16836  17125  17495 
Cell#080  422.1  287.1   046 :   2564  3213  3463  3591  3745  3959  4160  4410  4657  4923  5194  5458  5641  5765  6100  6444  6770  7087  7472  7844  8176  8492  8793  9107  9437  9743  10100  10532  10832  12808  12978  13264  13569  13910  14236  14531  14924  15285  15566  16115  16526  16560  16837  17124  17496  17810 
Cell#081  424.9  312.9   042 :   2564  3214  3463  3591  3746  3959  4160  4410  4655  4922  5194  5458  5764  6101  6443  6770  7088  7472  7845  8176  8491  8794  9107  9437  9743  10099  10532  10832  12978  13264  13569  13910  14236  14531  14924  15285  15566  16116  16526  16836  17124  17497 
Cell#082  427.8  330.2   042 :   2564  3214  3463  3591  3746  3958  4160  4409  4656  4922  5193  5458  5765  6101  6444  6770  7087  7473  7845  8176  8491  8793  9108  9438  9742  10100  10532  10833  12978  13264  13569  13910  14235  14531  14925  15285  15567  16115  16526  16836  17124  17496 
Cell#083  430.7  272.8   043 :   2564  3214  3463  3591  3745  3959  4160  4410  4656  4921  5193  5458  5764  6100  6445  6769  7087  7472  7844  8176  8491  8794  9108  9439  9742  10100  10532  10832  12978  13263  13569  13911  14235  14531  14924  15285  15566  16114  16144  16526  16837  17124  17496 
Cell#084  430.7  255.5   042 :   2564  3214  3462  3590  3746  3958  4160  4411  4656  4922  5194  5459  5764  6100  6443  6768  7087  7472  7844  8175  8491  8794  9107  9439  9742  10100  10532  10831  12978  13264  13569  13910  14235  14530  14923  15285  15566  16117  16526  16835  17123  17495 
Cell#085  436.4  318.7   042 :   2564  3214  3463  3591  3745  3959  4160  4410  4656  4922  5194  5460  5765  6102  6445  6770  7088  7473  7846  8176  8491  8795  9108  9439  9744  10100  10534  10831  12978  13264  13570  13910  14237  14531  14924  15285  15567  16116  16526  16837  17124  17496 
Cell#086  442.1  252.7   042 :   2564  3214  3462  3591  3745  3959  4161  4410  4657  4922  5195  5458  5765  6100  6444  6769  7087  7474  7844  8177  8491  8795  9107  9438  9743  10099  10532  10833  12978  13263  13569  13911  14237  14532  14924  15286  15568  16115  16526  16837  17125  17496 
Cell#087  447.9  310.1   042 :   2564  3213  3463  3591  3745  3958  4160  4410  4656  4922  5194  5460  5764  6100  6443  6769  7087  7472  7845  8176  8491  8793  9107  9438  9743  10099  10532  10833  12978  13263  13569  13910  14235  14532  14924  15286  15567  16115  16526  16836  17124  17495 
Cell#088  450.8  278.5   043 :   2564  3214  3463  3591  3746  3959  4161  4411  4657  4922  5193  5459  5765  6102  6445  6769  7087  7471  7845  8176  8491  8794  9108  9438  9744  10101  10534  10831  12978  13265  13569  13910  14235  14532  14925  15285  15567  16116  16526  16836  17125  17496  17536 
Cell#089  450.8  229.7   042 :   2564  3213  3462  3591  3745  3958  4160  4410  4656  4922  5193  5458  5765  6102  6443  6769  7089  7472  7844  8176  8491  8794  9107  9437  9743  10100  10532  10832  12979  13263  13569  13910  14237  14532  14924  15285  15567  16116  16526  16836  17124  17495 
Cell#090  459.4  301.5   042 :   2564  3213  3463  3591  3745  3959  4160  4409  4656  4922  5194  5459  5765  6100  6443  6769  7087  7471  7844  8176  8491  8794  9107  9438  9742  10099  10532  10832  12978  13265  13569  13910  14237  14531  14924  15285  15566  16116  16526  16837  17124  17495 
Cell#091  459.4  321.6   042 :   2564  3214  3463  3591  3745  3958  4160  4410  4656  4922  5193  5458  5765  6100  6444  6769  7087  7472  7846  8176  8491  8793  9107  9437  9743  10099  10532  10832  12978  13264  13569  13911  14235  14532  14924  15285  15566  16116  16526  16836  17124  17496 
Cell#092  459.4  267.0   038 :   2564  3213  3463  3592  3745  3958  4160  4411  4656  4922  5194  5459  5766  6101  6444  6769  7087  7471  7844  8176  8491  8793  9107  9438  9742  10100  10533  10832  12978  13264  13570  13911  14236  14531  14924  15285  15566  16116 
Cell#093  459.4  221.1   041 :   2564  3214  3463  3591  3745  3958  4161  4410  4656  4922  5193  5459  5766  6102  6445  6769  7088  7472  7845  8176  8491  8793  9107  9437  9742  10100  10533  10831  12978  13264  13569  13910  14237  14531  14924  15285  16115  16526  16836  17124  17496 
Cell#094  465.1  341.7   044 :   56  1287  2564  3214  3464  3591  3746  3959  4160  4412  4656  4922  5195  5459  5766  6102  6444  6770  7088  7473  7846  8176  8492  8794  9107  9438  9743  10100  10534  10832  12978  13264  13570  13911  14236  14531  14925  15285  15567  16115  16526  16838  17124  17495 
Cell#095  476.6  290.0   045 :   1079  1104  1132  2564  3214  3463  3591  3745  3958  4160  4411  4656  4922  5193  5460  5765  6101  6443  6769  7088  7472  7844  8175  8491  8793  9107  9438  9743  10100  10532  10833  12978  13264  13569  13910  14235  14531  14924  15285  15567  16116  16526  16837  17124  17495 
Cell#096  479.5  315.8   042 :   2564  3214  3462  3592  3745  3958  4160  4411  4657  4923  5193  5459  5765  6102  6444  6769  7088  7472  7844  8177  8491  8794  9108  9437  9743  10101  10533  10832  12978  13264  13569  13911  14235  14531  14924  15285  15567  16116  16526  16836  17126  17495 
Cell#097  479.5  338.8   042 :   2564  3214  3451  3591  3745  3959  4160  4411  4656  4922  5194  5460  5764  6100  6444  6769  7087  7472  7845  8176  8491  8794  9108  9437  9743  10101  10533  10833  12978  13265  13569  13911  14237  14531  14924  15285  15567  16116  16526  16837  17125  17495 
Cell#098  482.3  272.8   042 :   2564  3214  3463  3591  3745  3958  4160  4410  4656  4922  5193  5458  5765  6101  6444  6771  7087  7472  7844  8177  8490  8793  9108  9440  9743  10099  10532  10832  12978  13264  13569  13910  14236  14531  14924  15285  15566  16115  16526  16837  17124  17495 
Cell#099  488.1  223.9   042 :   2564  3214  3463  3592  3745  3958  4160  4411  4656  4922  5194  5458  5765  6100  6444  6769  7087  7472  7845  8175  8491  8794  9107  9437  9742  10100  10533  10833  12978  13264  13569  13910  14236  14531  14924  15285  15566  16116  16526  16837  17124  17495 
Cell#100  493.8  267.0   042 :   2564  3214  3463  3591  3745  3958  4160  4410  4656  4923  5194  5458  5766  6101  6443  6770  7087  7473  7845  8175  8491  8793  9108  9438  9743  10099  10533  10831  12978  13264  13569  13910  14235  14530  14924  15285  15567  16116  16526  16837  17125  17495 
Cell#101  493.8  244.0   042 :   2564  3214  3462  3591  3745  3958  4160  4410  4656  4922  5193  5459  5765  6100  6444  6769  7087  7472  7844  8176  8491  8793  9107  9438  9742  10100  10532  10831  12978  13263  13569  13911  14235  14531  14924  15285  15567  16115  16526  16836  17124  17495 
Cell#102  496.7  290.0   042 :   2564  3214  3463  3591  3745  3959  4160  4409  4657  4922  5193  5460  5766  6101  6445  6769  7087  7472  7844  8176  8491  8793  9108  9439  9743  10101  10533  10833  12978  13265  13569  13911  14237  14532  14924  15285  15567  16116  16527  16836  17124  17495 
Cell#103  499.6  321.6   040 :   2564  3214  3462  3591  3745  3959  4160  4410  4656  4922  5194  5458  5765  6100  6444  6769  7088  7471  7845  8176  8491  8794  9107  9438  9743  10099  10532  10831  12978  13264  13570  13910  14236  14531  14924  16115  16526  16836  17124  17495 
Cell#104  502.4  218.2   048 :   2564  3214  3462  3591  3745  3958  4138  4160  4410  4656  4922  5193  5458  5765  6101  6444  6769  7087  7471  7844  8175  8491  8794  9107  9439  9742  10100  10532  10832  12016  12202  12419  12426  12576  12978  13263  13569  13910  14236  14531  14924  15285  15566  16115  16527  16836  17124  17495 
Cell#105  505.3  272.8   042 :   2564  3213  3464  3592  3745  3960  4160  4410  4656  4922  5194  5459  5766  6101  6444  6770  7087  7473  7845  8177  8492  8794  9108  9439  9743  10100  10534  10833  12978  13264  13569  13910  14237  14531  14924  15286  15567  16115  16526  16836  17124  17495 
Cell#106  508.2  201.0   043 :   2564  3160  3214  3463  3591  3745  3958  4160  4410  4656  4922  5194  5458  5765  6102  6444  6770  7087  7472  7844  8176  8491  8793  9107  9438  9742  10099  10533  10832  12978  13264  13569  13911  14236  14531  14924  15285  15567  16116  16526  16836  17124  17496 
Cell#107  511.1  295.7   039 :   2564  3213  3745  3959  4160  4410  4657  4923  5460  5766  6101  6443  6769  7088  7473  7845  8176  8491  8794  9108  9438  9743  10100  10533  10832  12978  13265  13569  13910  14235  14532  14925  15285  15567  16116  16526  16837  17126  17496 
Cell#108  513.9  252.7   042 :   2564  3214  3463  3591  3745  3959  4160  4410  4658  4923  5193  5460  5766  6102  6444  6769  7087  7472  7845  8177  8491  8795  9108  9439  9742  10101  10532  10833  12978  13264  13569  13910  14237  14531  14924  15285  15567  16115  16527  16837  17124  17496 
Cell#109  513.9  335.9   042 :   2564  3214  3463  3591  3746  3959  4160  4411  4656  4923  5193  5458  5765  6102  6444  6769  7087  7472  7845  8177  8493  8793  9107  9438  9743  10100  10534  10833  12978  13264  13569  13911  14236  14531  14924  15285  15566  16116  16527  16836  17124  17496 
Cell#110  519.7  186.6   043 :   2563  3213  3462  3591  3745  3959  4161  4410  4657  4922  5046  5194  5459  5764  6102  6444  6769  7086  7472  7846  8176  8491  8793  9108  9439  9742  10099  10533  10832  12978  13263  13569  13910  14236  14531  14926  15286  15568  16116  16526  16835  17124  17495 
Cell#111  522.5  212.5   044 :   2564  3214  3464  3591  3745  3960  4124  4161  4411  4656  4922  5193  5267  5458  5765  6104  6445  6769  7087  7472  7845  8176  8491  8793  9107  9438  9742  10100  10533  10833  12978  13264  13570  13911  14236  14532  14924  15285  15566  16115  16526  16837  17124  17495 
Cell#112  525.4  258.4   044 :   2564  3214  3463  3591  3745  3959  4160  4411  4610  4629  4657  4922  5193  5460  5766  6102  6445  6769  7088  7472  7845  8177  8493  8794  9109  9438  9742  10100  10532  10833  12978  13264  13570  13910  14236  14531  14924  15285  15568  16115  16526  16838  17124  17496 
Cell#113  525.4  298.6   042 :   2564  3214  3463  3591  3745  3960  4160  4410  4656  4923  5193  5459  5765  6102  6444  6770  7087  7472  7845  8176  8493  8794  9107  9439  9744  10100  10534  10833  12978  13264  13569  13910  14236  14532  14924  15285  15567  16115  16526  16838  17125  17495 
Cell#114  534.0  198.1   093 :   33  92  143  263  290  373  457  505  574  636  678  757  793  862  1108  1833  2290  2309  2334  2561  2667  2727  2773  2849  2901  2954  2987  3058  3100  3159  3208  3306  3340  3384  3416  3463  3519  3562  3591  3667  3708  3744  3849  3895  3947  4067  4142  4160  4270  4353  4409  4501  4568  4657  4737  4809  4872  4922  5003  5065  5192  5245  5459  5766  6100  6444  6771  7088  7472  7845  8176  8491  8794  9109  9438  9743  10100  10533  10832  12978  13264  13569  13910  14236  14532  14924  15285  15566  16115  16527  16836  17125  17495 
Cell#115  536.9  221.1   044 :   2564  3214  3463  3591  3746  3958  4161  4410  4656  4922  5121  5192  5461  5767  6101  6444  6540  6770  7088  7473  7845  8175  8491  8794  9108  9438  9743  10099  10532  10831  12978  13264  13569  13910  14237  14531  14924  15285  15567  16115  16527  16836  17125  17495 
Cell#116  536.9  258.4   047 :   1563  2564  3214  3463  3591  3602  3745  3959  4162  4410  4657  4922  5193  5331  5400  5460  5765  6102  6445  6771  7087  7473  7845  8176  8491  8795  9108  9439  9743  10100  10533  10831  12807  12978  13264  13569  13911  14237  14531  14924  15286  15568  16115  16526  16838  17125  17495 
Cell#117  548.4  172.3   042 :   2564  3214  3463  3591  3745  3958  4160  4409  4656  4922  5194  5459  5765  6100  6443  6770  7088  7473  7845  8175  8491  8794  9107  9438  9743  10099  10532  10831  12978  13264  13569  13910  14237  14531  14924  15284  15567  16115  16526  16836  17124  17495 
Cell#118  554.1  209.6   058 :   42  76  118  137  242  1839  1902  1969  2562  3214  3463  3592  3745  3958  4161  4410  4656  4923  5095  5118  5192  5461  5767  6100  6444  6769  7090  7473  7547  7634  7744  7845  8176  8493  8795  9109  9440  9744  10099  10532  10832  12978  13264  13569  13910  14236  14532  14924  14950  14961  15285  15566  15688  16116  16526  16837  17124  17497 
Cell#119  554.1  295.7   102 :   2564  3214  3463  3591  3746  3959  4160  4410  4656  4922  5194  5460  5765  6101  6445  6770  7088  7472  7845  8176  8492  8715  8755  8793  8990  9062  9073  9107  9193  9289  9396  9421  9438  9582  9624  9669  9716  9743  9883  9917  9948  9990  10022  10061  10100  10237  10294  10326  10372  10409  10428  10492  10531  10686  10730  10802  10831  10998  11072  11166  11258  11303  11347  11387  11439  11489  11535  11585  11644  11697  11738  11781  11821  11867  11917  11963  12018  12075  12123  12178  12208  12255  12283  12350  12435  12496  12613  12730  12979  13264  13571  13910  14237  14532  14924  15285  15568  16115  16526  16837  17126  17496 
Cell#120  565.6  321.6   042 :   2564  3214  3463  3591  3745  3958  4160  4410  4657  4922  5193  5458  5765  6102  6444  6769  7088  7472  7845  8176  8491  8794  9108  9438  9743  10100  10533  10833  12978  13263  13569  13911  14237  14532  14924  15285  15567  16115  16526  16837  17124  17495 
Cell#121  568.5  166.5   043 :   2564  3214  3463  3591  3746  3959  4160  4411  4656  4922  5193  5460  5765  6100  6444  6770  7088  7473  7845  8176  8491  8794  9108  9438  9743  10100  10532  10833  12978  13069  13264  13569  13911  14235  14532  14924  15285  15566  16115  16527  16837  17124  17495 
Cell#122  568.5  290.0   042 :   2564  3213  3463  3591  3745  3958  4160  4410  4656  4921  5193  5460  5765  6101  6445  6770  7088  7474  7845  8177  8491  8793  9106  9438  9743  10099  10533  10832  12978  13264  13569  13910  14236  14532  14925  15285  15566  16116  16527  16838  17124  17496 
Cell#123  568.5  203.8   042 :   2564  3213  3463  3591  3745  3959  4160  4409  4656  4922  5194  5459  5765  6100  6444  6769  7088  7473  7845  8176  8491  8793  9107  9438  9742  10099  10532  10831  12978  13264  13569  13911  14236  14530  14924  15285  15566  16115  16526  16836  17124  17495 
Cell#124  571.3  272.8   043 :   2564  3214  3462  3591  3745  3959  4160  4411  4657  4923  5114  5193  5458  5763  6098  6445  6770  7088  7474  7846  8175  8490  8793  9107  9438  9744  10101  10534  10831  12978  13264  13570  13912  14237  14533  14925  15286  15567  16115  16525  16837  17125  17495 
Cell#125  574.2  333.0   042 :   2563  3214  3462  3591  3745  3958  4159  4411  4658  4922  5193  5458  5765  6100  6444  6769  7088  7473  7845  8177  8491  8794  9108  9439  9742  10100  10532  10831  12978  13265  13569  13910  14235  14532  14924  15285  15567  16115  16525  16835  17124  17495 
Cell#126  580.0  218.2   042 :   2564  3214  3462  3591  3746  3958  4160  4410  4656  4922  5193  5458  5765  6101  6444  6769  7087  7472  7845  8176  8491  8793  9106  9438  9743  10100  10532  10831  12978  13263  13569  13910  14235  14532  14924  15285  15566  16115  16526  16836  17124  17496 
Cell#127  582.8  183.8   052 :   1665  2563  3214  3463  3592  3745  3882  3960  4136  4146  4160  4320  4410  4551  4646  4655  4823  4922  5073  5193  5274  5460  5767  6100  6443  6769  7089  7473  7844  8176  8491  8795  9107  9438  9743  10099  10532  10832  12978  13264  13569  13910  14236  14532  14924  15285  15567  16115  16526  16837  17124  17496 
Cell#128  585.7  249.8   042 :   2564  3214  3463  3591  3745  3958  4160  4409  4656  4922  5194  5460  5765  6101  6444  6770  7087  7473  7844  8176  8491  8793  9108  9437  9742  10099  10532  10833  12978  13263  13569  13910  14237  14531  14924  15285  15567  16115  16527  16837  17124  17495 
Cell#129  585.7  201.0   042 :   2563  3214  3463  3591  3745  3959  4160  4411  4656  4922  5193  5459  5765  6102  6445  6769  7087  7471  7845  8176  8491  8794  9108  9438  9742  10100  10532  10833  12978  13264  13569  13910  14237  14532  14924  15285  15567  16115  16527  16836  17125  17495 
Cell#130  591.4  287.1   048 :   2564  3214  3463  3591  3745  3958  4160  4409  4656  4923  5193  5300  5351  5378  5457  5507  5764  5831  5909  6101  6444  6770  7088  7473  7845  8176  8492  8794  9107  9437  9742  10100  10532  10831  12978  13264  13569  13910  14237  14532  14924  15285  15567  16115  16526  16837  17124  17495 
Cell#131  591.4  267.0   043 :   2564  3214  3463  3591  3745  3958  4161  4410  4656  4921  5194  5267  5459  5764  6100  6444  6769  7087  7472  7845  8176  8491  8794  9108  9437  9743  10100  10533  10831  12978  13263  13569  13912  14235  14531  14924  15285  15566  16116  16525  16836  17124  17495 
Cell#132  591.4  178.0   045 :   2564  3214  3463  3591  3745  3958  4160  4410  4656  4922  5193  5458  5765  6101  6444  6769  7087  7471  7845  8176  8491  8793  9107  9438  9742  10099  10532  10832  12205  12328  12628  12978  13263  13569  13910  14236  14531  14924  15286  15568  16116  16526  16837  17125  17495 
Cell#133  591.4  160.8   042 :   2564  3213  3462  3591  3745  3958  4159  4409  4656  4922  5193  5458  5765  6100  6443  6769  7087  7472  7844  8175  8491  8794  9107  9437  9742  10099  10532  10831  12978  13263  13569  13910  14235  14531  14924  15285  15566  16115  16526  16836  17124  17496 
Cell#134  597.2  218.2   043 :   2564  2826  3214  3462  3591  3745  3959  4160  4410  4656  4922  5193  5459  5765  6100  6444  6769  7086  7471  7845  8176  8491  8793  9108  9437  9742  10099  10532  10832  12978  13263  13569  13910  14235  14531  14924  15286  15567  16115  16526  16835  17124  17495 
Cell#135  600.1  137.8   044 :   2564  3138  3164  3214  3463  3591  3745  3959  4160  4410  4656  4922  5194  5460  5765  6101  6444  6769  7087  7472  7844  8175  8491  8794  9109  9438  9742  10099  10532  10832  12978  13264  13569  13910  14235  14532  14924  15285  15566  16115  16526  16836  17124  17495 
Cell#136  602.9  201.0   042 :   2563  3213  3463  3591  3745  3958  4160  4409  4656  4921  5193  5458  5765  6100  6444  6769  7087  7472  7844  8175  8491  8793  9107  9437  9742  10099  10532  10831  12978  13263  13569  13910  14235  14531  14924  15285  15566  16116  16525  16835  17124  17495 
Cell#137  602.9  189.5   044 :   2564  3214  3463  3591  3745  3958  4160  4410  4656  4921  5193  5458  5765  6100  6443  6768  7087  7472  7844  8175  8491  8793  9107  9437  9742  10100  10532  10831  12206  12625  12978  13264  13569  13910  14236  14531  14924  15285  15566  16115  16525  16836  17123  17495 
Cell#138  605.8  160.8   042 :   2564  3214  3463  3591  3745  3959  4161  4410  4656  4923  5193  5458  5766  6101  6444  6770  7087  7472  7845  8176  8491  8794  9107  9437  9743  10099  10534  10832  12978  13264  13569  13910  14236  14531  14924  15286  15566  16116  16526  16837  17125  17497 
Cell#139  608.7  172.3   043 :   2564  3158  3214  3463  3591  3745  3960  4160  4410  4657  4922  5193  5459  5764  6102  6445  6770  7087  7473  7844  8176  8491  8793  9107  9437  9743  10099  10534  10831  12978  13264  13570  13910  14236  14532  14924  15286  15568  16115  16526  16837  17125  17495 
Cell#140  614.4  155.0   048 :   2270  2564  2622  2829  3214  3463  3591  3745  3958  4161  4409  4656  4922  5193  5458  5765  6101  6444  6769  7087  7472  7846  8176  8492  8795  9109  9439  9742  10100  10532  10832  12279  12978  13263  13569  13912  14235  14404  14532  14924  15285  15567  15638  16117  16526  16837  17124  17495 
Cell#141  614.4  287.1   042 :   2564  3214  3462  3591  3745  3958  4161  4410  4656  4922  5194  5459  5765  6100  6446  6770  7087  7472  7846  8176  8492  8793  9108  9438  9742  10099  10532  10832  12978  13264  13569  13910  14236  14531  14925  15286  15568  16116  16527  16836  17124  17496 
Cell#142  620.2  241.2   043 :   2564  3214  3462  3591  3745  3959  4160  4411  4656  4923  5193  5459  5765  6101  6444  6769  7087  7473  7845  8176  8491  8793  9108  9437  9744  10100  10532  10832  11741  12978  13265  13569  13911  14235  14532  14924  15286  15567  16115  16526  16837  17124  17495 
Cell#143  625.9  221.1   042 :   2564  3213  3463  3591  3744  3959  4159  4410  4657  4922  5193  5458  5765  6100  6443  6769  7086  7472  7845  8175  8491  8793  9107  9437  9743  10099  10532  10832  12978  13264  13569  13910  14235  14531  14925  15285  15567  16115  16526  16836  17124  17495 
Cell#144  625.9  201.0   049 :   2552  2563  2619  2666  2733  3745  3959  4159  4410  4657  4922  5192  5300  5328  5385  5458  5579  5664  5681  5765  6100  6444  6769  7088  7472  7845  8175  8491  8793  9107  9437  9742  10099  10532  10831  12978  13263  13569  13910  14235  14531  14924  15285  15567  16116  16526  16837  17124  17495 
Cell#145  625.9  166.5   045 :   2564  3214  3463  3592  3745  3959  4159  4410  4656  4922  5193  5459  5764  6100  6445  6769  7087  7472  7844  8176  8492  8794  9108  9439  9742  10100  10532  10832  12562  12790  12978  13151  13264  13569  13910  14236  14532  14926  15285  15568  16116  16525  16837  17125  17495 
Cell#146  631.6  232.6   042 :   2562  3213  3463  3591  3746  3958  4160  4410  4656  4922  5194  5458  5765  6100  6443  6768  7086  7471  7845  8176  8491  8793  9108  9437  9743  10100  10532  10831  12978  13264  13570  13910  14235  14532  14924  15284  15566  16115  16526  16836  17124  17495 
Cell#147  631.6  261.3   042 :   2564  3214  3463  3591  3745  3958  4160  4410  4656  4923  5193  5458  5766  6103  6445  6769  7088  7472  7846  8176  8492  8794  9108  9437  9742  10101  10533  10832  12978  13264  13571  13910  14236  14532  14924  15287  15566  16117  16527  16836  17126  17496 
Cell#148  637.4  298.6   048 :   1160  1871  2454  2534  2558  2756  3200  3214  3463  3592  3746  3960  4161  4411  4657  4923  5195  5461  5766  6102  6445  6771  7088  7472  7847  8178  8491  8794  9108  9438  9744  10101  10533  10833  12978  13265  13571  13912  14237  14533  14924  15285  15568  16117  16525  16837  17126  17497 
Cell#149  640.3  137.8   042 :   2564  3214  3463  3591  3745  3958  4160  4410  4656  4922  5193  5459  5764  6101  6444  6769  7087  7471  7844  8175  8491  8793  9107  9437  9742  10099  10532  10832  12978  13264  13569  13910  14235  14531  14924  15285  15566  16115  16525  16836  17124  17495 
Cell#150  640.3  106.2   043 :   2564  3214  3463  3592  3745  3958  4160  4409  4656  4922  5194  5458  5764  6100  6443  6769  7087  7471  7844  8175  8491  8794  9107  9437  9743  10099  10532  10832  12156  12978  13263  13569  13910  14235  14531  14924  15285  15566  16116  16525  16837  17124  17495 
Cell#151  643.1  089.0   072 :   76  112  180  406  474  509  563  784  912  948  970  982  1086  1239  1408  1514  1568  1577  1602  1736  1817  1934  1950  1995  2563  2665  2729  3088  3211  3361  3463  3590  3745  3958  4159  4409  4656  4921  5193  5458  5765  6100  6443  6769  7087  7472  7844  8175  8491  8793  9107  9437  9742  10100  10532  10831  12978  13263  13569  13910  14236  14531  14924  15284  15566  15894  16115  16420  16525  16836  17124  17495 
Cell#152  646.0  212.5   042 :   2564  3214  3463  3591  3745  3958  4161  4410  4656  4922  5193  5459  5765  6100  6444  6769  7087  7472  7845  8175  8491  8793  9107  9438  9742  10099  10532  10831  12978  13264  13569  13911  14235  14531  14924  15285  15567  16114  16525  16836  17124  17495 
Cell#153  648.9  163.7   042 :   2564  3214  3463  3591  3745  3958  4160  4409  4656  4922  5193  5458  5765  6101  6443  6769  7087  7472  7844  8175  8491  8793  9107  9437  9742  10099  10532  10832  12978  13264  13569  13910  14235  14531  14924  15285  15567  16115  16526  16836  17124  17495 
Cell#154  651.7  264.1   042 :   2564  3214  3463  3591  3745  3958  4160  4411  4656  4922  5193  5458  5765  6102  6444  6770  7087  7472  7845  8176  8491  8793  9108  9439  9742  10099  10532  10832  12978  13263  13569  13911  14236  14531  14924  15285  15568  16115  16527  16837  17124  17495 
Cell#155  654.6  112.0   045 :   927  2564  3214  3463  3591  3745  3958  4159  4410  4656  4922  5193  5458  5764  6100  6443  6769  7087  7471  7844  8175  8491  8793  9108  9437  9742  10099  10532  10831  12710  12978  13232  13264  13568  13910  14236  14531  14924  15285  15566  16115  16525  16836  17124  17495 
Cell#156  660.4  180.9   042 :   2564  3214  3462  3591  3745  3959  4160  4410  4656  4922  5193  5460  5765  6101  6443  6769  7088  7472  7846  8176  8491  8795  9109  9438  9742  10099  10532  10831  12978  13264  13569  13910  14235  14532  14924  15285  15567  16115  16526  16836  17124  17495 
Cell#157  666.1  068.9   044 :   2564  3214  3463  3591  3745  3958  4159  4409  4656  4922  5194  5458  5765  6101  6443  6769  7086  7471  7845  8175  8491  8793  9107  9436  9742  10099  10532  10833  12189  12978  13263  13569  13910  14236  14532  14924  15285  15566  16115  16526  16768  16836  17124  17495 
Cell#158  666.1  054.6   059 :   200  444  953  2564  3147  3169  3179  3214  3463  3574  3587  3744  3958  4160  4409  4656  4921  5193  5458  5765  6100  6445  6770  7087  7471  7844  8175  8491  8793  9107  9437  9742  10100  10532  10738  10831  11907  12188  12975  13263  13569  13910  14035  14235  14367  14442  14455  14531  14924  15284  15566  15878  15972  16115  16408  16525  16836  17125  17495 
Cell#159  671.8  223.9   043 :   2564  3213  3464  3591  3745  3959  4160  4410  4656  4922  5193  5460  5765  6101  6445  6770  7087  7472  7845  8176  8492  8793  9107  9439  9742  10100  10532  10833  12978  13264  13569  13910  14237  14532  14925  15285  15567  16116  16308  16526  16837  17125  17495 
Cell#160  671.8  106.2   044 :   2564  3108  3214  3463  3591  3746  3959  4160  4409  4656  4922  5193  5459  5765  6100  6443  6769  7087  7472  7844  8177  8491  8794  9108  9437  9742  10832  12010  12890  12978  13067  13265  13569  13910  14236  14532  14924  15285  15566  16116  16526  16837  17125  17496 
Cell#161  671.8  137.8   042 :   2564  3214  3463  3591  3745  3958  4160  4409  4656  4921  5193  5458  5764  6100  6443  6768  7087  7471  7844  8175  8491  8794  9107  9437  9743  10099  10532  10831  12978  13263  13569  13910  14235  14531  14924  15284  15566  16115  16525  16836  17124  17495 
Cell#162  677.6  083.3   046 :   111  153  2563  3213  3462  3591  3745  3958  4160  4410  4655  4922  5193  5458  5765  6101  6443  6769  7087  7471  7844  8175  8491  8794  9107  9437  9742  10099  10532  10831  11473  12978  13185  13263  13569  13910  14235  14532  14924  15285  15566  16116  16526  16836  17124  17495 
Cell#163  677.6  172.3   042 :   2564  3213  3463  3591  3745  3959  4161  4409  4656  4922  5193  5458  5765  6100  6444  6769  7088  7472  7845  8177  8491  8794  9107  9437  9743  10101  10532  10832  12978  13263  13569  13911  14236  14531  14924  15286  15566  16115  16525  16836  17124  17496 
Cell#164  680.4  045.9   062 :   94  554  938  1448  1565  1798  1942  2269  2297  2562  2597  2630  3214  3392  3462  3591  3744  3958  4160  4410  4656  4922  5193  5458  5764  6100  6444  6769  7087  7471  7844  8176  8491  8793  9107  9146  9438  9743  10099  10532  10831  11652  12267  12422  12978  13008  13067  13263  13568  13910  14235  14392  14531  14924  15287  15567  15611  16115  16528  16836  17124  17495 
Cell#165  683.3  192.4   042 :   2564  3214  3463  3591  3745  3958  4160  4409  4656  4922  5193  5458  5765  6100  6444  6769  7087  7472  7844  8175  8491  8793  9107  9437  9742  10099  10532  10831  12978  13263  13568  13911  14235  14531  14924  15285  15566  16115  16526  16836  17124  17495 
Cell#166  686.2  100.5   049 :   1004  1772  2564  3214  3354  3463  3591  3745  3958  4160  4410  4656  4923  5193  5458  5764  6100  6443  6769  7086  7472  7844  8177  8491  8793  9107  9438  9742  10099  10532  10832  11743  12056  12978  13159  13264  13569  13720  13910  14236  14531  14924  15285  15566  16115  16525  16836  17124  17495 
Cell#167  689.1  068.9   050 :   600  1811  1829  2564  3214  3463  3591  3745  3958  4159  4409  4656  4922  5193  5459  5765  6100  6443  6769  7087  7471  7845  8177  8491  8794  9109  9437  9742  10099  10311  10532  10831  11668  11979  12576  12978  13263  13569  13910  14235  14532  14924  15262  15284  15567  16115  16526  16836  17124  17495 
Cell#168  689.1  206.7   042 :   2564  3214  3463  3591  3745  3959  4160  4410  4657  4922  5194  5460  5765  6101  6444  6769  7087  7472  7845  8177  8492  8793  9108  9438  9742  10100  10534  10833  12978  13265  13571  13911  14237  14532  14924  15285  15568  16115  16526  16838  17124  17495 
Cell#169  689.1  221.1   042 :   2564  3214  3463  3591  3745  3958  4160  4410  4656  4922  5193  5459  5766  6101  6445  6769  7088  7473  7845  8176  8491  8794  9107  9439  9742  10100  10532  10831  12978  13264  13569  13910  14237  14531  14924  15285  15567  16115  16525  16837  17124  17495 
Cell#170  691.9  155.0   044 :   2564  2738  3214  3463  3591  3601  3745  3958  4159  4410  4656  4921  5193  5459  5765  6100  6443  6769  7087  7472  7844  8175  8491  8793  9107  9439  9742  10100  10532  10831  12978  13264  13569  13910  14235  14532  14925  15285  15567  16115  16526  16836  17124  17495 
Cell#171  694.8  057.4   042 :   2562  3214  3462  3591  3745  3959  4160  4409  4656  4920  5193  5458  5765  6100  6445  6770  7086  7471  7844  8175  8490  8793  9106  9437  9742  10101  10532  10831  12976  13264  13568  13910  14235  14530  14925  15285  15566  16115  16526  16835  17124  17495 
Cell#172  697.7  094.7   060 :   2564  2655  2901  2912  3141  3214  3383  3462  3591  3745  3960  4160  4409  4656  4922  5193  5458  5765  6100  6443  6769  7087  7471  7845  8175  8491  8794  9108  9438  9742  10099  10334  10532  10801  10831  11714  11843  11969  12001  12143  12198  12253  12290  12694  12838  12978  13106  13263  13569  13910  14235  14530  14924  15285  15566  16115  16525  16836  17125  17495 
Cell#173  700.5  020.1   053 :   154  1683  2522  2559  2577  3214  3463  3592  3745  3884  3958  4160  4409  4656  4921  5193  5458  5765  5993  6101  6288  6443  6769  7087  7471  7845  8175  8491  8793  9107  9437  9744  10099  10531  10832  12139  12351  12857  12977  13263  13390  13569  13910  14235  14530  14924  15285  15566  16115  16526  16836  17124  17495 
Cell#174  700.5  080.4   044 :   2564  3214  3463  3591  3746  3958  4160  4409  4656  4922  5194  5459  5765  6101  6443  6768  7087  7471  7847  8175  8492  8793  9107  9438  9742  10099  10531  10831  12193  12682  12978  13263  13569  13910  14236  14531  14924  15284  15566  16116  16525  16837  17123  17495 
Cell#175  700.5  040.2   043 :   2564  3215  3463  3592  3745  3958  4160  4409  4656  4922  5192  5459  5764  6100  6444  6769  7088  7472  7844  8175  8491  8793  9107  9170  9439  9742  10100  10532  10831  12978  13262  13568  13910  14235  14530  14924  15284  15567  16115  16525  16835  17124  17495 
Cell#176  703.4  166.5   042 :   2564  3214  3463  3591  3745  3958  4160  4409  4656  4922  5193  5458  5764  6100  6443  6770  7086  7472  7844  8176  8491  8793  9107  9437  9743  10099  10532  10831  12978  13264  13569  13910  14235  14531  14924  15285  15566  16115  16525  16836  17125  17495 
Cell#177  706.3  183.8   042 :   2564  3214  3463  3591  3746  3959  4160  4410  4656  4922  5193  5458  5765  6101  6444  6768  7086  7472  7844  8176  8491  8794  9107  9438  9742  10099  10532  10831  12978  13263  13570  13911  14236  14531  14924  15285  15566  16116  16526  16836  17124  17495 
Cell#178  706.3  054.6   097 :   182  316  471  486  496  855  871  935  978  1042  1053  1116  1177  1388  1683  1693  1903  1963  2531  2563  2716  3133  3143  3160  3214  3463  3546  3592  3745  3930  3958  4083  4160  4410  4656  4922  5109  5194  5458  5764  5907  5920  5930  5947  5957  5965  5981  5993  6010  6017  6101  6443  6769  7087  7472  7663  7743  7767  7844  8126  8178  8491  8793  9066  9107  9438  9743  9876  9954  9998  10041  10100  10284  10531  10659  10831  11040  11271  11806  12979  13264  13569  13671  13911  14160  14236  14531  14924  15285  15566  16115  16412  16526  16837  16984  17124  17494 
Cell#179  709.2  229.7   042 :   2564  3213  3463  3590  3745  3958  4160  4411  4657  4922  5193  5460  5764  6101  6443  6767  7086  7471  7844  8175  8492  8794  9107  9438  9742  10099  10532  10832  12978  13264  13572  13911  14236  14531  14924  15285  15567  16115  16525  16836  17126  17495 
Cell#180  712.0  140.7   042 :   2564  3214  3463  3590  3745  3958  4159  4409  4655  4921  5193  5458  5764  6101  6443  6769  7087  7472  7844  8175  8491  8793  9107  9437  9743  10099  10532  10831  12978  13263  13569  13910  14235  14531  14924  15286  15567  16115  16525  16836  17124  17494 
Cell#181  712.0  157.9   055 :   27  1260  1479  1800  1801  2070  2347  2564  3214  3463  3592  3601  3745  3958  4160  4411  4656  4922  5193  5460  5764  6101  6443  6769  7087  7472  7844  8175  8491  8794  9107  9439  9742  10100  10532  10831  12978  13107  13158  13264  13378  13471  13570  13910  14237  14531  14924  15285  15567  16116  16526  16837  17125  17495  17538 
Cell#182  714.9  074.6   049 :   39  286  1801  2564  3213  3463  3592  3745  3958  4160  4409  4656  4922  5193  5458  5765  6101  6444  6770  7089  7472  7844  8177  8491  8793  9108  9438  9742  10099  10533  10833  11719  12233  12700  12978  13263  13569  13910  14237  14531  14925  15285  15567  15716  16115  16526  16836  17125  17496 
Cell#183  714.9  244.0   043 :   2564  3214  3463  3591  3745  3958  4159  4410  4657  4923  5193  5458  5765  6101  6444  6770  7088  7472  7844  8176  8492  8793  9107  9437  9743  10099  10533  10832  12893  12978  13263  13570  13910  14236  14531  14924  15285  15566  16115  16525  16836  17124  17495 
Cell#184  717.8  198.1   059 :   1268  1426  1533  1800  1801  2158  2246  2327  2564  2886  2950  3052  3214  3463  3591  3746  3959  4160  4411  4656  4922  5195  5458  5765  6101  6444  6769  7087  7472  7845  8176  8491  8761  8794  9107  9438  9578  9742  10101  10327  10532  10831  12978  13263  13569  13910  14237  14532  14754  14924  15159  15220  15287  15566  16115  16526  16836  17124  17496 
Cell#185  717.8  057.4   044 :   2564  3213  3463  3525  3591  3745  3958  4159  4409  4655  4920  5193  5458  5765  6100  6443  6769  7087  7471  7844  8175  8491  8793  9108  9439  9742  10101  10532  10832  12633  12978  13264  13569  13910  14236  14531  14925  15286  15566  16116  16526  16836  17124  17495 
Cell#186  720.6  149.3   042 :   2564  3213  3462  3591  3745  3958  4160  4409  4656  4921  5192  5458  5764  6101  6443  6768  7087  7471  7844  8175  8491  8793  9107  9437  9742  10099  10533  10831  12978  13263  13569  13910  14235  14531  14925  15285  15566  16115  16525  16835  17125  17495 
Cell#187  720.6  126.3   042 :   2564  3214  3463  3591  3745  3960  4158  4409  4656  4922  5193  5458  5764  6101  6443  6769  7088  7471  7844  8175  8490  8793  9107  9437  9742  10099  10532  10829  12978  13263  13569  13910  14235  14531  14924  15286  15567  16115  16525  16836  17124  17495 
