Total No of Frames = 18000  (1 frame = 10 msec)

Cell No.   X      Y    N_Spikes  Frames
Cell#001  005.7  160.8   000 :  
Cell#002  008.6  235.4   031 :   6  251  1253  1767  2216  2764  3182  3598  3933  4186  4348  4952  5486  5798  6680  7087  7414  7716  8055  8265  8573  8877  9464  12580  12882  14636  14887  15247  15480  16276  16601 
Cell#003  020.1  195.2   000 :  
Cell#004  023.0  218.2   001 :   6296 
Cell#005  040.2  192.4   000 :  
Cell#006  040.2  226.8   020 :   12  252  1770  2214  2764  3183  3600  3934  4346  6294  6685  7091  8055  8877  9464  11017  12132  12882  13962  16275 
Cell#007  043.1  246.9   000 :  
Cell#008  051.7  269.9   001 :   7317 
Cell#009  051.7  126.3   029 :   11  250  1252  2214  2763  3184  3600  3933  4182  4953  5802  6298  6682  7089  7412  8263  8574  8880  9107  9465  9752  10040  10701  11022  12136  12879  13195  14642  15253 
Cell#010  057.4  166.5   003 :   11  418  8574 
Cell#011  057.4  223.9   000 :  
Cell#012  063.2  261.3   062 :   12  250  1245  1768  2212  2764  3181  3601  3802  3850  3933  4180  4345  4534  4927  4953  5487  5764  5798  6295  6432  6684  7088  7409  7717  8055  8263  8576  8809  8878  9106  9465  9630  10036  10327  11020  11442  11651  11788  11866  12128  12876  13188  13371  13964  14261  14638  14890  15238  15479  15663  15686  15935  16271  16554  16574  16601  16662  17222  17528  17731  17884 
Cell#013  068.9  241.2   001 :   1254 
Cell#014  077.5  261.3   004 :   11  1252  6296  16275 
Cell#015  080.4  114.8   000 :  
Cell#016  080.4  201.0   000 :  
Cell#017  080.4  155.0   000 :  
Cell#018  086.1  175.1   001 :   9940 
Cell#019  086.1  137.8   053 :   9  250  414  1252  1486  1771  2214  2763  3180  3596  3803  3931  4184  4345  4953  5487  5800  6295  6680  7091  7412  7717  8057  8264  8579  8878  9106  9464  9754  10036  10330  11019  11218  11442  11787  11870  12130  12578  12880  13192  13375  13965  14261  14637  14890  15245  15477  15688  15937  16273  16578  17528  17887 
Cell#020  097.6  212.5   000 :  
Cell#021  097.6  143.6   005 :   11  251  1252  1770  13804 
Cell#022  103.4  114.8   000 :  
Cell#023  117.7  132.1   020 :   13  252  2216  2761  3935  4182  4536  5798  6683  7089  7412  7718  8058  8264  8575  8876  9465  10036  12580  14637 
Cell#024  117.7  169.4   001 :   12130 
Cell#025  126.3  155.0   000 :  
Cell#026  132.1  129.2   025 :   1248  1483  2212  2762  3182  3226  5484  7089  8055  8577  9362  9465  10036  10128  11213  11783  13191  13965  15234  15688  16272  16567  16599  17057  17885 
Cell#027  137.8  109.1   000 :  
Cell#028  140.7  143.6   020 :   14  249  1252  2212  2764  3184  3933  4186  4347  5800  6297  7091  7415  8058  8577  9466  10330  12881  16274  16605 
Cell#029  140.7  160.8   007 :   251  1251  3933  7413  10332  14637  16607 
Cell#030  146.4  218.2   023 :   15  249  422  3869  5486  5971  6294  6681  7416  8577  8877  9465  10039  11789  12122  12578  12840  13197  13638  14271  15239  15548  16274 
Cell#031  146.4  120.6   000 :  
Cell#032  146.4  094.7   000 :  
Cell#033  155.0  157.9   045 :   11  253  416  1251  2214  2764  3183  3599  3931  4183  4348  4530  4954  5490  5800  6296  6681  7087  7412  7718  8054  8263  8574  8878  9106  9465  9753  10038  10330  11444  11788  12879  13195  13373  13965  14638  15245  15688  15933  16271  16580  16608  17064  17532  17887 
Cell#034  157.9  114.8   048 :   12  250  415  1252  2215  2762  3182  3599  3801  3933  4182  4343  4531  5481  5797  6296  6679  7087  7413  7717  8054  8263  8575  8876  9103  9465  9753  10036  10328  11016  11211  11441  11788  11865  12129  12578  12876  13190  13374  13964  14636  14890  15241  15933  16275  17065  17529  17887 
Cell#035  160.8  129.2   055 :   11  250  412  1249  1769  2215  2763  3182  3599  3802  3930  4182  4310  4345  4531  4671  4927  5054  5488  5760  5799  6296  6679  7089  7410  7718  8056  8263  8575  8878  9104  9464  9753  10035  10326  11022  11441  11787  12132  12578  12879  13192  13374  13965  14636  14889  15244  15479  15686  15931  16276  16601  17068  17530  17883 
Cell#036  163.7  091.9   000 :  
Cell#037  163.7  206.7   225 :   12  115  190  252  400  497  573  651  746  825  912  1019  1101  1142  1229  1354  1484  1559  1602  1707  1768  1863  1982  2047  2135  2192  2318  2412  2437  2532  2597  2632  2685  2762  2868  2954  3043  3115  3180  3250  3343  3408  3473  3551  3603  3726  3804  3873  3933  4013  4164  4295  4345  4422  4523  4566  4669  4804  4881  4928  5035  5135  5266  5349  5440  5481  5580  5711  5764  5809  5881  5970  6064  6157  6269  6292  6349  6427  6526  6574  6633  6682  6705  6842  6940  7032  7080  7158  7275  7331  7398  7538  7621  7699  7789  7916  8002  8055  8262  8391  8470  8505  8562  8619  8724  8796  8876  9036  9104  9190  9286  9364  9438  9458  9589  9656  9751  9856  9940  10001  10041  10093  10151  10197  10250  10313  10355  10478  10537  10607  10675  10790  10895  10957  11019  11094  11204  11326  11387  11440  11498  11552  11640  11736  11786  11859  11953  12021  12130  12239  12324  12398  12469  12539  12577  12640  12754  12842  12881  12918  13057  13150  13184  13223  13341  13377  13470  13610  13695  13806  13886  13967  14027  14156  14232  14259  14289  14367  14445  14537  14598  14634  14670  14761  14851  14868  14889  14922  15028  15094  15134  15196  15242  15329  15415  15546  15665  15686  15821  15903  15931  15977  16051  16145  16236  16273  16365  16469  16560  16624  16729  16857  16949  17006  17065  17124  17224  17301  17351  17465  17532  17633  17740  17773  17853 
Cell#038  169.4  152.2   023 :   15  253  2765  3181  3612  3931  4184  4537  4958  5805  6684  7089  8054  8267  8575  11022  11444  11664  12131  12579  15692  16276  16611 
Cell#039  186.6  089.0   000 :  
Cell#040  189.5  183.8   065 :   10  120  249  415  843  1241  1483  1770  2212  2549  2762  3136  3182  3562  3599  3804  3933  4184  4345  4533  4667  4925  4950  5483  5759  5797  6289  6596  6680  7089  7278  7408  7717  8055  8262  8500  8573  8875  9101  9463  9751  10037  10328  11214  11438  11788  11865  12130  12577  12881  13189  13370  13965  14261  14587  14638  14886  15236  15474  15687  15933  16274  17066  17522  17740 
Cell#041  192.4  112.0   001 :   7095 
Cell#042  201.0  166.5   148 :   11  120  236  414  495  554  782  865  1015  1154  1233  1484  1709  1882  2054  2208  2406  2538  2601  2682  2759  2901  3047  3142  3180  3311  3467  3537  3601  3728  3801  3848  3931  3994  4182  4288  4345  4477  4534  4664  4823  4926  4954  5048  5116  5258  5346  5474  5556  5680  5762  5802  5883  5969  6098  6186  6289  6398  6537  6594  6680  6726  6850  6985  7067  7181  7278  7330  7412  7604  7716  7770  7915  8007  8053  8215  8264  8409  8487  8540  8575  8725  8870  9102  9196  9362  9465  9590  9656  9753  9964  10036  10090  10209  10329  10523  10667  11011  11213  11338  11440  11545  11656  11786  11865  11974  12130  12453  12579  12792  12880  13192  13371  13505  13643  13739  13919  13960  14187  14259  14482  14593  14636  14812  14891  15129  15236  15353  15475  15570  15668  15903  15926  16061  16234  16275  16476  16566  16603  16642  16887  17054  17193  17305  17379  17490  17667  17750 
Cell#043  201.0  086.1   005 :   5799  6299  7090  7414  16279 
Cell#044  203.8  120.6   011 :   250  1253  2212  3926  4182  6294  6682  7087  7408  7716  8573 
Cell#045  206.7  137.8   043 :   11  250  414  1254  2210  2595  2699  2761  3182  3600  3930  4176  4347  5488  5800  6292  6678  7089  7412  7716  7790  8055  8264  8574  8799  8877  9107  9466  9751  10036  10088  10328  11019  11215  11785  12129  12578  12879  13370  13966  14260  14638  15685 
Cell#046  209.6  103.4   058 :   9  251  415  1239  1484  1769  2212  2544  2605  2760  3183  3487  3599  3800  3931  4182  4346  4667  4925  4953  5482  5800  6293  6680  7089  7410  7716  8057  8265  8574  8878  9105  9465  9753  10036  10329  11019  11214  11438  11788  11864  12130  12577  12880  13190  13373  13963  14636  14891  15244  15479  15688  15936  16276  16605  17067  17528  17887 
Cell#047  212.5  068.9   016 :   1254  3187  3599  3931  4345  5802  6299  6680  7090  7414  8581  8878  9107  9465  12882  16278 
Cell#048  218.2  120.6   000 :  
Cell#049  229.7  063.2   047 :   12  248  416  1252  1770  2214  2763  3183  3599  3932  4184  4345  4952  5491  5800  6293  6680  7090  7410  7717  8054  8270  8575  8877  9104  9465  9752  10038  10330  11219  11443  11788  11867  12003  12130  12585  12882  13190  13966  14637  14892  15246  15688  15937  16274  16603  17530 
Cell#050  229.7  103.4   031 :   10  251  2214  2763  3182  3594  3932  4183  4347  5800  6290  6682  7087  7410  7716  8057  8265  8573  8876  9104  9463  10036  11442  11786  12577  12880  13965  14636  15244  15474  15688 
Cell#051  235.4  126.3   001 :   16273 
Cell#052  241.2  080.4   044 :   11  250  417  1254  1771  2214  2762  3183  3601  3931  4183  4345  4953  5489  5800  6295  6682  7089  7412  7717  8057  8267  8575  8878  9107  9465  9754  10038  10329  11443  11788  12130  12583  12880  13194  13965  14637  15244  15688  15938  16273  16603  17528  17887 
Cell#053  244.0  146.4   043 :   10  252  1251  1481  2213  2764  3183  3226  3597  3931  4345  5485  5802  6295  6682  7088  7275  7323  7412  7714  8265  8574  8877  9361  9465  10036  10298  10325  10681  10700  11021  11546  11786  12131  12578  13964  14637  14856  15235  16275  16573  16604  17886 
Cell#054  246.9  060.3   023 :   10  250  1771  2214  2764  3183  3599  3933  4184  4345  4954  5800  6295  6682  7089  7412  7717  8056  8267  10330  12885  13965  16279 
Cell#055  252.7  080.4   007 :   1252  4183  5800  6293  11437  11688  12129 
Cell#056  258.4  103.4   038 :   12  251  415  1250  2213  2764  3184  3601  3932  4184  4345  5801  6294  6682  7089  7412  7717  8057  8267  8575  8879  9105  9464  10036  10327  11217  11440  11788  12131  12581  12880  13195  13964  14636  15245  15687  16271  17529 
Cell#057  258.4  149.3   025 :   10  251  414  1252  2214  2764  3182  3599  3933  4180  4347  4953  5800  6295  6680  7091  7412  7716  8055  8575  8875  9103  9465  14636  16269 
Cell#058  261.3  057.4   000 :  
Cell#059  275.6  149.3   026 :   12  251  2213  2763  3183  3600  3931  4184  4345  5491  5800  6294  6681  7085  7410  7716  8055  8574  8879  9105  9465  10331  11019  11788  12128  16272 
Cell#060  278.5  080.4   013 :   10  251  2214  3600  3931  4182  4345  7412  8057  8573  9463  12578  14636 
Cell#061  287.1  114.8   002 :   3931  4182 
Cell#062  290.0  068.9   000 :  
Cell#063  298.6  129.2   084 :   10  251  412  1042  1237  1484  1715  1768  1882  2212  2417  2553  2634  2679  2762  3129  3183  3212  3354  3487  3599  3729  3801  3875  3932  4181  4345  4536  4666  4923  4951  5483  5760  5800  6276  6293  6577  6681  7086  7281  7333  7393  7410  7717  7988  8056  8264  8574  8877  9105  9366  9464  9750  10036  10328  10676  11018  11213  11440  11532  11648  11788  11862  12007  12131  12576  12879  13191  13373  13963  14260  14637  14891  15244  15477  15687  15934  16273  16573  16603  17066  17380  17528  17886 
Cell#064  304.3  060.3   000 :  
Cell#065  307.2  080.4   004 :   3596  6295  7086  16272 
Cell#066  310.1  045.9   001 :   16276 
Cell#067  318.7  126.3   014 :   2214  2764  3932  4185  4345  6295  6680  8575  9463  9753  10326  11022  12131  16277 
Cell#068  321.6  068.9   006 :   9  6298  7095  9467  12578  16278 
Cell#069  327.3  057.4   001 :   2764 
Cell#070  330.2  149.3   000 :  
Cell#071  338.8  040.2   000 :  
Cell#072  338.8  068.9   007 :   11  251  2762  4182  5801  9467  16277 
Cell#073  347.4  051.7   000 :  
Cell#074  353.1  126.3   078 :   10  250  414  1238  1255  1480  1707  1769  2208  2416  2533  2599  2679  2763  3126  3183  3316  3482  3598  3729  3797  3871  3932  4182  4346  4533  4664  4924  4953  5483  5718  5761  5802  6289  6680  7087  7281  7326  7410  7715  7992  8055  8262  8498  8575  8877  9104  9363  9463  9750  10034  10238  10329  11018  11215  11438  11786  11862  12128  12578  12879  13191  13375  13965  14259  14636  14888  15237  15476  15688  15932  16063  16272  16585  16618  17064  17382  17527 
Cell#075  353.1  074.6   017 :   414  2197  2626  4493  4841  7082  7419  8261  8898  9122  10131  10824  11227  13350  14415  14592  16364 
Cell#076  356.0  100.5   002 :   9465  16273 
Cell#077  358.9  054.6   000 :  
Cell#078  364.6  152.2   019 :   10  1253  1768  2210  2762  3183  3931  5491  6293  6681  7089  7717  8575  9752  10328  11786  12882  13964  14634 
Cell#079  367.5  074.6   051 :   12  251  415  1252  1770  2212  2683  2764  3181  3596  3803  3932  4184  4345  4954  5491  5763  5800  6296  6680  7089  7412  7717  8055  8264  8575  8877  9106  9465  9753  10036  10330  11017  11442  11787  12130  12582  12881  13192  13964  14261  14636  14890  15249  15689  15933  16274  16603  17068  17524  17889 
Cell#080  379.0  137.8   020 :   11  251  1253  2210  3183  3933  4345  5799  6291  6679  7088  7720  8574  8877  9465  9751  10329  12883  14637  15251 
Cell#081  379.0  083.3   060 :   11  251  417  1252  1484  1714  1769  2213  2534  2603  2643  2684  2763  2896  3182  3599  3801  3822  3933  4183  4345  4953  5492  5800  6294  6682  7089  7393  7716  8055  8263  8576  8876  9105  9464  9751  10036  10328  11019  11215  11442  11788  11865  12130  12581  12880  13191  13373  13963  14261  14635  14889  15244  15478  15687  15934  16274  16603  17066  17529 
Cell#082  387.6  068.9   000 :  
Cell#083  396.2  037.3   000 :  
Cell#084  402.0  126.3   000 :  
Cell#085  407.7  023.0   070 :   12  250  414  1241  1484  1766  2213  2637  2676  2764  3182  3599  3729  3798  3933  4183  4345  4533  4667  4925  4954  5485  5758  5799  6293  6681  7087  7283  7395  7412  7716  7991  8053  8263  8575  8787  8876  9105  9364  9463  9752  10036  10243  10328  10674  11018  11214  11440  11788  11865  12130  12578  12881  13190  13373  13963  14261  14637  14889  15241  15477  15688  15933  16271  16579  16605  17067  17380  17528  17885 
Cell#086  410.6  066.0   010 :   253  3937  4186  6297  7095  7718  8053  8576  9465  16275 
Cell#087  416.3  120.6   000 :  
Cell#088  419.2  045.9   000 :  
Cell#089  430.7  060.3   004 :   2443  7095  11789  15940 
Cell#090  433.5  129.2   061 :   12  250  414  1249  1484  1768  2208  2419  2677  2761  3181  3481  3596  3725  3800  3932  4182  4344  4534  4924  4946  5485  5759  5799  6292  6680  7086  7280  7410  7718  7990  8052  8261  8574  8876  9106  9362  9464  9751  10035  10328  11016  11786  12130  12579  12880  13190  13371  13965  14259  14635  14887  15475  15686  15932  16272  16579  16601  17063  17379  17523 
Cell#091  436.4  074.6   014 :   9  251  2215  2768  3185  3598  3933  4346  6298  7095  7412  9468  13967  16273 
Cell#092  439.3  100.5   000 :  
Cell#093  445.0  120.6   001 :   251 
Cell#094  447.9  086.1   001 :   12 
Cell#095  450.8  063.2   002 :   12130  12584 
Cell#096  453.6  094.7   000 :  
Cell#097  459.4  123.5   015 :   11  248  2209  2762  3932  6293  7088  7715  8575  9466  12878  15687  15931  16272  16605 
Cell#098  468.0  103.4   013 :   11  251  412  1253  2213  3932  4345  6292  7090  8574  9464  10328  13964 
Cell#099  470.9  051.7   007 :   262  2201  6535  8549  11308  12357  17291 
Cell#100  473.7  129.2   000 :  
Cell#101  476.6  091.9   035 :   12  250  414  1252  2212  2763  3598  3931  4182  4346  4954  5492  5801  6294  6680  7090  7410  7718  8056  8265  8575  8874  9105  9467  9753  10036  10331  12577  12880  13965  14350  14637  16272  17519  17890 
Cell#102  476.6  074.6   026 :   13  252  3185  3598  3933  4345  5800  6295  6684  7090  7411  8056  8268  8576  9106  9465  12131  12585  12881  13966  14637  15245  15689  15940  16277  17532 
Cell#103  485.2  163.7   003 :   7  250  12880 
Cell#104  488.1  097.6   025 :   12  250  417  1253  1770  2214  2762  3183  3599  3929  4183  4346  5491  5799  6295  7095  8574  9465  10039  10330  12131  12879  13963  15242  16277 
Cell#105  493.8  114.8   015 :   11  250  1768  2212  3933  4182  4346  5800  6295  6682  8051  8575  9464  10328  12878 
Cell#106  499.6  178.0   005 :   11  2217  2764  3932  6295 
Cell#107  505.3  068.9   110 :   10  248  414  510  844  1042  1149  1237  1484  1709  1766  1873  2012  2202  2411  2529  2589  2625  2660  2683  2761  3028  3126  3181  3316  3432  3471  3598  3718  3799  3883  3931  4181  4306  4343  4533  4666  4924  5483  5592  5761  5800  5972  6286  6532  6633  6680  6988  7085  7276  7326  7390  7410  7715  7989  8055  8262  8484  8512  8573  8782  8876  9102  9193  9362  9463  9749  10032  10090  10240  10327  10531  10669  11017  11214  11440  11531  11643  11788  11863  12131  12578  12800  12879  13189  13372  13732  13798  13963  14259  14350  14536  14636  14888  15234  15335  15475  15560  15688  15932  16164  16273  16570  16604  17064  17339  17380  17527  17732  17884 
Cell#108  505.3  143.6   005 :   13  249  2218  3933  10037 
Cell#109  505.3  097.6   017 :   11  251  2213  2761  3180  3601  3930  4182  4345  6295  7411  7716  8055  9465  10329  12878  13965 
Cell#110  511.1  120.6   002 :   3934  10329 
Cell#111  519.7  132.1   040 :   12  251  417  1770  2213  2762  3183  3600  3802  3933  4185  4343  4955  5487  5800  6296  6682  7087  7716  8054  8265  8576  8879  9105  9464  9753  10035  10329  11018  11439  11789  11863  12131  12582  12881  13194  14637  15243  15688  16273 
Cell#112  519.7  080.4   080 :   10  250  414  562  1240  1482  1712  1768  2209  2418  2544  2594  2637  2683  2761  3129  3181  3553  3600  3728  3798  3933  4181  4308  4345  4533  4663  4923  4950  5484  5762  5797  6286  6680  7087  7278  7327  7390  7410  7715  7990  8055  8259  8501  8575  8879  9106  9364  9465  9752  10036  10243  10328  10531  10673  11019  11214  11440  11786  11861  12130  12577  12880  13190  13371  13965  14257  14636  14890  15244  15474  15687  15933  16273  16579  16603  17065  17386  17527  17884 
Cell#113  519.7  097.6   026 :   12  254  417  2766  3183  3599  3932  4181  4345  5494  5799  6297  6679  7094  7411  8054  8575  8877  9466  9753  10329  14637  15249  15687  16279  16604 
Cell#114  528.3  109.1   025 :   14  251  414  1253  2764  3183  3599  3933  4183  4343  5490  5800  6297  6682  7412  8055  8573  8874  9108  9464  10329  12881  13964  14636  16273 
Cell#115  531.2  063.2   025 :   13  253  2215  2764  3600  3931  4346  5490  6295  6682  7089  7412  8056  8575  9463  10330  11020  12132  12882  13966  14637  15690  16274  16605  17531 
Cell#116  542.6  126.3   029 :   10  251  1252  2212  2762  3181  3598  3798  3931  4181  4343  5799  6295  6681  7087  7716  8056  8576  8877  9104  9465  10327  12129  12880  14635  15244  15687  15931  16273 
Cell#117  551.3  192.4   004 :   3929  6294  7088  15244 
Cell#118  551.3  175.1   001 :   11 
Cell#119  554.1  157.9   021 :   10  250  1256  2212  2762  3182  3599  3934  4343  5490  6292  6677  7084  8055  8575  9104  9466  10328  12579  13965  16275 
Cell#120  554.1  132.1   047 :   10  250  414  1249  1765  2213  2763  3181  3598  3800  3929  4181  4346  5482  5798  6294  6682  7087  7275  7718  8055  8263  8577  8877  9104  9466  9753  10032  10328  11018  11439  11786  12131  12576  12878  13192  13964  14253  14636  14888  15239  15474  15688  15926  16272  17527  17886 
Cell#121  571.3  091.9   014 :   12  1777  2172  4024  5904  6297  8424  10565  11128  11558  12573  12881  14112  14254 
Cell#122  571.3  178.0   000 :  
Cell#123  582.8  143.6   063 :   11  250  415  1233  1484  1769  2214  2600  2681  2763  3182  3600  3729  3801  3931  4181  4345  4537  4667  4924  4955  5485  5761  5800  6294  6680  7087  7398  7716  7992  8055  8264  8573  8875  9105  9367  9465  9751  10036  10245  10326  11020  11440  11788  11866  12128  12579  12881  13195  13377  13964  14260  14637  14892  15244  15476  15688  15935  16272  16603  17071  17530  17887 
Cell#124  585.7  160.8   109 :   11  84  152  249  415  1035  1152  1237  1251  1481  1703  1766  2150  2211  2270  2397  2421  2461  2530  2589  2625  2679  2760  2902  2980  3074  3125  3181  3309  3348  3408  3471  3523  3597  3715  3798  3854  3933  4180  4220  4302  4343  4532  4667  4915  4924  4952  5359  5483  5758  5796  6245  6286  6543  6679  6979  7082  7250  7283  7328  7389  7409  7710  8053  8191  8261  8375  8573  8875  9104  9463  9749  10034  10328  11015  11107  11152  11211  11428  11531  11587  11640  11786  11864  12129  12576  12880  13191  13373  13963  14257  14434  14637  14890  15236  15263  15375  15474  15546  15656  15686  15933  15962  16273  16601  17061  17380  17528  17886 
Cell#125  597.2  097.6   001 :   16273 
Cell#126  602.9  134.9   009 :   8  250  415  2762  3180  3599  4346  6291  12128 
Cell#127  608.7  068.9   000 :  
Cell#128  614.4  123.5   062 :   11  250  414  1241  1484  1769  2212  2763  3183  3599  3800  3933  4181  4343  4669  4924  4952  5486  5761  5799  6294  6681  7089  7393  7411  7714  8056  8263  8575  8878  9106  9366  9465  9750  10037  10241  10329  10673  11019  11214  11441  11787  11865  12131  12576  12881  13191  13373  13965  14259  14637  14888  15243  15475  15688  15934  16274  16580  16603  17065  17380  17527 
Cell#129  614.4  155.0   000 :  
Cell#130  620.2  137.8   042 :   9  251  416  2214  2422  2600  2762  3184  3599  3729  3797  3931  4179  4345  4531  4667  5485  5759  5800  6295  6682  7088  7410  7715  8055  8574  9105  9464  9752  10035  10328  11021  11214  11788  12581  12881  13964  14635  15246  15935  16277  17068 
Cell#131  631.6  223.9   000 :  
Cell#132  631.6  160.8   000 :  
Cell#133  631.6  114.8   003 :   7215  7409  14254 
Cell#134  637.4  203.8   008 :   9  250  414  2760  5800  6291  6681  16269 
Cell#135  637.4  186.6   061 :   10  251  414  1245  1484  1708  1766  1883  2210  2420  2596  2761  3128  3182  3600  3798  3931  4183  4345  4533  4667  4924  4951  5483  5760  5799  6295  6682  7087  7409  7716  8053  8263  8575  8875  9105  9463  9749  10036  10329  11017  11213  11437  11783  11855  12128  12578  12879  13189  13376  13964  14258  14637  14888  15237  15473  15682  15931  16270  17063  17529 
Cell#136  637.4  140.7   031 :   12  251  413  2213  2761  3183  3599  3931  4181  4343  5756  5800  6291  6682  8577  9462  10326  11017  11786  12130  12575  12878  13366  13966  14636  14922  15686  15940  16271  17063  17881 
Cell#137  654.6  143.6   012 :   8  249  2214  2761  3184  3596  3798  3933  4345  6291  7087  9458 
Cell#138  657.5  120.6   000 :  
Cell#139  666.1  149.3   006 :   2682  3934  4344  8877  10964  11440 
Cell#140  666.1  206.7   000 :  
Cell#141  671.8  186.6   006 :   10  2763  3600  10033  10328  12881 
Cell#142  671.8  249.8   000 :  
Cell#143  677.6  132.1   000 :  
Cell#144  691.9  252.7   035 :   8  249  414  1484  1768  2212  2757  3179  3597  3933  4181  4345  5486  5753  5798  6293  6680  7084  7716  8054  8263  8575  8876  9102  9465  10328  11438  11783  12132  13377  13965  14259  14637  14891  16272 
Cell#145  694.8  201.0   001 :   12881 
Cell#146  697.7  155.0   000 :  
Cell#147  700.5  120.6   000 :  
Cell#148  700.5  186.6   000 :  
Cell#149  703.4  212.5   036 :   6  252  414  1765  2210  2763  3181  3600  3931  4181  4345  4672  4926  6295  6682  7090  7412  8057  8263  8573  9463  9540  10327  11788  11864  12578  12880  13193  13969  14263  14637  14884  15246  15475  15680  16588 
Cell#150  712.0  114.8   000 :  
Cell#151  712.0  140.7   002 :   10334  16280 
Cell#152  723.5  149.3   000 :  
