Total No of Frames = 18000  (1 frame = 10 msec)

Cell No.   X      Y    N_Spikes  Frames
Cell#001  126.3  209.6   000 :  
Cell#002  132.1  157.9   000 :  
Cell#003  143.6  114.8   000 :  
Cell#004  146.4  189.5   000 :  
Cell#005  157.9  149.3   000 :  
Cell#006  163.7  120.6   000 :  
Cell#007  172.3  172.3   000 :  
Cell#008  180.9  146.4   000 :  
Cell#009  186.6  163.7   000 :  
Cell#010  198.1  178.0   000 :  
Cell#011  201.0  201.0   000 :  
Cell#012  212.5  155.0   000 :  
Cell#013  212.5  120.6   000 :  
Cell#014  223.9  146.4   001 :   16819 
Cell#015  241.2  192.4   002 :   619  16820 
Cell#016  241.2  149.3   008 :   6867  8786  9178  9238  9682  9724  10319  16820 
Cell#017  246.9  221.1   010 :   4362  5903  6167  8379  9675  13359  13755  15074  15196  16824 
Cell#018  252.7  134.9   001 :   11311 
Cell#019  258.4  235.4   000 :  
Cell#020  258.4  209.6   001 :   12245 
Cell#021  261.3  198.1   000 :  
Cell#022  264.1  143.6   000 :  
Cell#023  267.0  163.7   000 :  
Cell#024  272.8  223.9   000 :  
Cell#025  278.5  132.1   000 :  
Cell#026  284.2  160.8   000 :  
Cell#027  284.2  114.8   000 :  
Cell#028  287.1  215.3   000 :  
Cell#029  295.7  149.3   000 :  
Cell#030  298.6  186.6   000 :  
Cell#031  298.6  129.2   000 :  
Cell#032  312.9  203.8   002 :   9467  12870 
Cell#033  312.9  186.6   000 :  
Cell#034  312.9  146.4   000 :  
Cell#035  318.7  218.2   001 :   1488 
Cell#036  333.0  241.2   000 :  
Cell#037  333.0  223.9   000 :  
Cell#038  338.8  149.3   029 :   368  2310  2886  3329  3501  4022  4463  5163  5458  7108  8284  9160  9447  9670  9839  10957  11324  12582  13950  14096  14983  15102  15609  15963  16434  16934  17221  17389  17607 
Cell#039  353.1  229.7   001 :   6203 
Cell#040  364.6  258.4   003 :   3635  4156  5232 
Cell#041  367.5  195.2   009 :   862  2091  2356  2501  2750  2976  3135  4044  4674 
Cell#042  370.4  160.8   000 :  
Cell#043  373.2  137.8   000 :  
Cell#044  379.0  223.9   040 :   861  1258  1367  1472  1604  1633  1834  1947  2392  2749  2818  2906  3002  3041  3146  3242  3426  3533  3631  3778  3901  4201  4275  4658  4992  5582  5824  6574  7092  7308  7361  7724  7976  8115  8377  8550  8888  9259  15683  15910 
Cell#045  381.9  126.3   069 :   66  210  273  366  444  540  746  926  1047  1170  1256  1367  1479  1627  1735  2026  2055  2093  2389  2490  2640  2832  2974  3102  3375  3523  3706  3912  4049  4160  4300  4669  4796  4982  5155  5273  5408  5552  5739  5921  6141  6368  6543  6742  6882  7053  7229  7546  7717  7745  7846  7920  8064  8388  8622  8887  8972  9035  9139  9242  9485  10231  10324  10548  10961  10973  11692  12319  12342 
Cell#046  384.7  195.2   002 :   12332  15917 
Cell#047  384.7  172.3   000 :  
Cell#048  390.5  149.3   000 :  
Cell#049  396.2  120.6   000 :  
Cell#050  399.1  169.4   000 :  
Cell#051  399.1  232.6   054 :   100  187  518  740  941  978  1154  1389  1602  2090  2240  2390  2498  2576  2707  2843  3154  3250  3519  4047  4161  4300  4537  4655  4778  4999  5107  5404  5416  5548  5919  6100  6420  6538  6596  7481  8064  9237  9691  10545  10961  11886  12232  12277  12426  12929  13185  14009  14720  14986  15212  15730  16012  16834 
Cell#052  402.0  134.9   000 :  
Cell#053  407.7  252.7   014 :   942  1357  1390  1608  2500  5416  6594  9692  10961  11886  12281  13182  15211  16834 
Cell#054  407.7  106.2   000 :  
Cell#055  410.6  223.9   000 :  
Cell#056  416.3  163.7   000 :  
Cell#057  419.2  183.8   021 :   518  887  1379  2267  3045  4157  5212  5416  5991  6321  7044  8284  9469  10942  13088  14317  14915  15485  15674  16219  16826 
Cell#058  422.1  203.8   009 :   256  2354  5415  7242  8063  9684  10252  10966  11373 
Cell#059  422.1  218.2   002 :   16925  17775 
Cell#060  442.1  172.3   001 :   5981 
Cell#061  442.1  218.2   000 :  
Cell#062  447.9  198.1   000 :  
Cell#063  459.4  238.3   005 :   1047  1260  8926  10998  15211 
Cell#064  462.2  172.3   004 :   5988  9265  10953  12045 
Cell#065  465.1  149.3   000 :  
Cell#066  470.9  183.8   000 :  
Cell#067  476.6  166.5   000 :  
Cell#068  482.3  198.1   007 :   5415  5990  8553  9686  10969  12699  14879 
Cell#069  485.2  232.6   029 :   376  617  962  990  1260  1361  1567  2131  2468  2753  3003  3499  3534  3735  3936  4552  4662  7216  7665  7798  8401  8661  10798  11073  11918  12436  15745  15973  17444 
Cell#070  485.2  149.3   000 :  
Cell#071  488.1  180.9   027 :   926  2093  2546  2819  3021  3805  4462  5006  5403  5730  5989  8905  9842  10279  10986  11869  12271  12444  13190  14051  14239  14881  15540  15731  16036  16383  17411 
Cell#072  491.0  120.6   000 :  
Cell#073  493.8  212.5   005 :   3154  4679  5989  6144  8067 
Cell#074  496.7  149.3   000 :  
Cell#075  499.6  134.9   000 :  
Cell#076  505.3  172.3   000 :  
Cell#077  513.9  134.9   002 :   5988  12262 
Cell#078  516.8  183.8   001 :   5988 
Cell#079  528.3  169.4   001 :   5985 
Cell#080  531.2  183.8   001 :   5993 
Cell#081  534.0  143.6   003 :   5981  12702  16655 
Cell#082  548.4  195.2   001 :   5987 
Cell#083  548.4  134.9   000 :  
Cell#084  551.3  157.9   000 :  
Cell#085  562.7  172.3   003 :   14798  15557  15735 
Cell#086  562.7  203.8   001 :   5989 
Cell#087  574.2  152.2   000 :  
Cell#088  577.1  218.2   004 :   215  376  629  5995 
Cell#089  580.0  186.6   000 :  
Cell#090  582.8  166.5   000 :  
Cell#091  591.4  152.2   037 :   1488  1567  1829  2069  2208  5711  6575  6998  7342  7920  8060  8575  8970  9736  10159  10188  10844  10955  10988  11041  11374  11822  12514  12698  12883  13158  13341  14283  14794  14951  14988  15354  15555  16208  17115  17629  17760 
Cell#092  602.9  103.4   000 :  
Cell#093  614.4  180.9   000 :  
Cell#094  631.6  071.8   000 :  
Cell#095  637.4  123.5   000 :  
Cell#096  640.3  155.0   000 :  
Cell#097  654.6  160.8   000 :  
Cell#098  654.6  132.1   000 :  
Cell#099  657.5  109.1   000 :  
Cell#100  660.4  183.8   000 :  
Cell#101  669.0  031.6   000 :  
Cell#102  683.3  089.0   000 :  
Cell#103  683.3  146.4   000 :  
Cell#104  689.1  123.5   000 :  
Cell#105  694.8  106.2   000 :  
Cell#106  709.2  149.3   000 :  
