Total No of Frames = 18000  (1 frame = 10 msec)

Cell No.   X      Y    N_Spikes  Frames
Cell#001  011.5  106.2   000 :  
Cell#002  023.0  201.0   000 :  
Cell#003  023.0  160.8   006 :   307  380  844  1562  4796  4818 
Cell#004  028.7  109.1   011 :   6268  10314  10771  11721  11968  12628  12694  14402  14555  14642  17817 
Cell#005  031.6  063.2   000 :  
Cell#006  034.5  091.9   002 :   1033  1604 
Cell#007  040.2  212.5   000 :  
Cell#008  040.2  114.8   000 :  
Cell#009  048.8  126.3   000 :  
Cell#010  051.7  192.4   009 :   512  1617  6999  7793  8349  10806  10904  11270  11750 
Cell#011  060.3  221.1   004 :   1379  1545  15128  15384 
Cell#012  071.8  068.9   000 :  
Cell#013  071.8  212.5   000 :  
Cell#014  074.6  155.0   010 :   92  909  1287  3874  6402  7877  11091  12887  14597  17884 
Cell#015  083.3  178.0   000 :  
Cell#016  089.0  223.9   007 :   1465  1819  4880  10582  14373  14508  14593 
Cell#017  091.9  132.1   016 :   1849  2269  2882  2902  4850  6437  8049  8399  10039  10678  11419  11939  12309  14021  14535  17721 
Cell#018  100.5  238.3   055 :   79  1124  1173  1238  1955  2399  2999  3034  3089  3910  3962  4250  4393  4574  4630  5981  6088  6216  6755  7331  8056  8304  8781  8807  9278  9730  9898  10008  10035  10504  10632  10720  10793  11245  11387  11868  12262  12291  12406  12425  12473  12546  12732  12897  13258  13294  13582  13824  13883  13946  14413  14445  14723  17392  17738 
Cell#019  103.4  201.0   012 :   2560  2734  2888  6407  6752  12587  14143  14266  14580  15044  15287  15505 
Cell#020  112.0  189.5   004 :   6405  6750  15045  15503 
Cell#021  114.8  143.6   000 :  
Cell#022  114.8  117.7   000 :  
Cell#023  117.7  172.3   001 :   6148 
Cell#024  129.2  089.0   000 :  
Cell#025  134.9  137.8   001 :   13074 
Cell#026  134.9  192.4   019 :   1868  3224  3258  4984  5210  5707  8038  8217  11454  13061  13253  13485  13886  14090  14255  14419  14625  14751  14866 
Cell#027  137.8  175.1   001 :   12864 
Cell#028  140.7  223.9   000 :  
Cell#029  149.3  238.3   025 :   841  3783  3895  4073  4124  4330  5993  6254  8490  10118  10132  10202  10554  10576  11583  13072  13153  13254  13418  13461  15934  16105  16373  16519  17110 
Cell#030  149.3  126.3   000 :  
Cell#031  149.3  080.4   000 :  
Cell#032  149.3  149.3   000 :  
Cell#033  155.0  097.6   000 :  
Cell#034  160.8  198.1   000 :  
Cell#035  163.7  264.1   000 :  
Cell#036  172.3  301.5   000 :  
Cell#037  175.1  258.4   000 :  
Cell#038  178.0  183.8   000 :  
Cell#039  180.9  244.0   007 :   14266  14319  14374  14424  15227  15274  15501 
Cell#040  183.8  267.0   000 :  
Cell#041  195.2  137.8   000 :  
Cell#042  198.1  298.6   000 :  
Cell#043  201.0  255.5   067 :   149  446  543  758  876  3238  3296  3535  3622  3822  4015  4202  4442  4550  4609  4725  4963  5062  5940  6092  6105  6192  6336  6782  6963  7146  7974  8096  8186  8291  8546  8745  10336  10391  10447  10543  10725  10809  10827  11239  11311  11506  11680  11768  11971  12293  12399  12565  12915  13076  13132  13249  14074  14209  14294  14592  14743  14855  14949  15117  15201  15454  15845  17571  17678  17754  17933 
Cell#044  201.0  229.7   000 :  
Cell#045  215.3  209.6   000 :  
Cell#046  215.3  255.5   001 :   8422 
Cell#047  221.1  304.3   000 :  
Cell#048  223.9  126.3   000 :  
Cell#049  223.9  324.4   000 :  
Cell#050  226.8  206.7   004 :   885  1074  4407  5994 
Cell#051  226.8  226.8   000 :  
Cell#052  229.7  143.6   000 :  
Cell#053  232.6  264.1   080 :   704  844  1038  1090  1220  1420  1624  1747  1869  1906  2083  2607  2841  2927  3288  3856  3965  4133  4247  4298  4413  4631  5536  5600  5697  5808  6147  6530  6783  7564  7832  7971  8100  8368  8445  8507  8780  9393  9420  9604  9834  9866  10012  10107  10227  10606  10639  10712  10777  11165  11318  11364  11526  12327  12621  12772  12889  12924  13181  13233  13336  13483  13875  14038  14148  14297  14427  14740  14925  15252  15367  16582  16763  16915  17132  17221  17481  17670  17828  17858 
Cell#054  238.3  246.9   000 :  
Cell#055  241.2  172.3   000 :  
Cell#056  244.0  209.6   000 :  
Cell#057  246.9  284.2   015 :   2546  2710  2812  4770  4911  5080  5287  8445  8823  9419  9752  9842  13178  13300  14235 
Cell#058  246.9  264.1   009 :   1656  9941  12062  12100  12159  12235  12354  12445  17637 
Cell#059  264.1  267.0   010 :   10814  11272  11575  11796  12050  12168  12222  12299  12813  17948 
Cell#060  264.1  186.6   000 :  
Cell#061  267.0  238.3   000 :  
Cell#062  269.9  287.1   000 :  
Cell#063  269.9  310.1   000 :  
Cell#064  281.4  218.2   000 :  
Cell#065  290.0  284.2   000 :  
Cell#066  292.9  310.1   000 :  
Cell#067  301.5  244.0   005 :   1252  4909  5027  5059  5189 
Cell#068  304.3  198.1   004 :   246  342  371  484 
Cell#069  307.2  218.2   019 :   2579  2735  2820  3101  3330  6031  6366  6706  8564  9510  9809  10214  10405  10669  15214  15481  17378  17426  17662 
Cell#070  315.8  238.3   000 :  
Cell#071  318.7  284.2   009 :   58  117  246  293  354  477  11920  13048  13199 
Cell#072  324.4  218.2   000 :  
Cell#073  333.0  258.4   000 :  
Cell#074  344.5  241.2   027 :   1005  1186  3354  3826  3846  3981  4128  4361  4636  6386  8509  8701  10138  10327  11070  11289  11506  11677  11979  12468  14433  14553  15118  15423  17490  17787  17881 
Cell#075  373.2  235.4   000 :  
Cell#076  384.7  264.1   000 :  
Cell#077  384.7  221.1   000 :  
Cell#078  384.7  304.3   007 :   2450  8714  8883  12617  12747  15031  15378 
Cell#079  384.7  290.0   000 :  
Cell#080  393.3  278.5   081 :   52  208  1012  1065  1267  1474  1571  1756  1927  1960  2063  2235  2381  2452  2689  2865  2927  2992  3200  3343  3978  4035  4175  4619  4650  4845  5620  5687  5845  6003  6135  6301  6402  6556  6697  6751  7297  7372  7507  7707  7794  7858  8047  8198  8355  8378  8885  9432  9517  9723  9991  10241  10405  10601  10823  10963  11117  11236  11478  11671  12017  12382  12440  12563  12702  13041  13432  13531  14084  14275  14490  14694  14864  15258  15314  15509  16378  17336  17622  17674  17871 
Cell#081  407.7  275.6   000 :  
Cell#082  419.2  298.6   025 :   24  2641  2738  2820  2996  3303  3378  7825  8125  8259  8385  8554  8891  9417  9880  10063  10496  11259  12613  12953  13121  13221  13444  13563  14658 
Cell#083  427.8  284.2   004 :   3226  4526  4729  12642 
Cell#084  430.7  252.7   000 :  
Cell#085  442.1  281.4   000 :  
Cell#086  445.0  264.1   000 :  
Cell#087  445.0  295.7   000 :  
Cell#088  459.4  304.3   000 :  
Cell#089  468.0  287.1   002 :   9422  9666 
Cell#090  470.9  330.2   000 :  
Cell#091  473.7  241.2   000 :  
Cell#092  476.6  269.9   001 :   9320 
Cell#093  482.3  335.9   000 :  
Cell#094  482.3  281.4   000 :  
Cell#095  482.3  292.9   001 :   9628 
Cell#096  491.0  307.2   043 :   1076  1412  1547  2612  2771  2849  2997  3088  3166  3284  3716  3839  4422  6121  6208  6549  7320  7940  8393  8498  8805  9468  9629  9729  10029  10235  10476  10974  11381  11948  12059  12223  12402  12420  12618  12711  13326  14446  14731  14762  15393  15871  17981 
Cell#097  499.6  315.8   000 :  
Cell#098  513.9  324.4   000 :  
Cell#099  522.5  238.3   000 :  
Cell#100  525.4  264.1   000 :  
Cell#101  534.0  223.9   000 :  
Cell#102  534.0  321.6   000 :  
Cell#103  539.8  298.6   021 :   218  511  649  975  10069  10182  10276  10389  10471  10582  10717  10787  11347  11528  11674  13411  13531  16984  17019  17089  17283 
Cell#104  548.4  218.2   000 :  
Cell#105  551.3  281.4   000 :  
Cell#106  559.9  246.9   000 :  
Cell#107  568.5  229.7   000 :  
Cell#108  571.3  307.2   000 :  
Cell#109  574.2  281.4   000 :  
Cell#110  582.8  206.7   000 :  
Cell#111  588.6  284.2   003 :   605  14491  14977 
Cell#112  591.4  264.1   000 :  
Cell#113  591.4  310.1   000 :  
Cell#114  602.9  226.8   000 :  
Cell#115  620.2  209.6   000 :  
Cell#116  623.0  244.0   000 :  
Cell#117  660.4  252.7   000 :  
Cell#118  663.2  295.7   000 :  
Cell#119  669.0  241.2   000 :  
Cell#120  671.8  281.4   000 :  
Cell#121  689.1  252.7   000 :  
