Total No of Frames = 18000  (1 frame = 10 msec)

Cell No.   X      Y    N_Spikes  Frames
Cell#001  011.5  287.1   003 :   923  1594  12121 
Cell#002  011.5  264.1   032 :   297  813  1647  1959  2055  2227  2587  3367  3598  3823  4174  4518  5748  6264  6420  6865  6982  7583  8690  9339  10176  10935  11153  11963  12424  12548  13701  15405  16208  16366  16724  17231 
Cell#003  020.1  281.4   023 :   875  1645  1755  2051  3361  3737  3824  4835  5733  5953  6430  7581  7824  8228  9753  10005  11044  12429  13257  13523  15796  17231  17451 
Cell#004  020.1  252.7   034 :   578  922  1682  2121  2497  2643  2788  2960  3123  3389  3547  4079  4833  4936  5422  5855  6791  7165  7387  8043  8270  8985  9213  10221  10946  11692  12820  13522  13934  14693  16427  16739  16959  17624 
Cell#005  023.0  241.2   020 :   1273  1310  2223  2262  3081  4367  4571  8271  8626  9000  9067  10225  10913  11750  12115  12856  13263  16855  16965  17325 
Cell#006  028.7  275.6   003 :   6117  7573  7775 
Cell#007  034.5  229.7   007 :   2059  2348  3345  6841  6963  8238  8660 
Cell#008  034.5  198.1   025 :   258  347  632  1287  1560  2292  2454  2516  3044  3335  3901  4138  5118  6957  7734  7952  8606  9007  9764  11365  12298  14736  15745  16662  17923 
Cell#009  040.2  264.1   045 :   127  767  1310  1764  1844  2085  2221  2427  2670  3081  3133  3260  3729  3799  4172  4367  4548  4780  4849  4983  5455  5593  5935  6038  6657  6950  6976  7785  8269  9062  10177  10459  10526  10716  10984  11920  12608  12741  13264  13520  14853  16027  16722  16963  17249 
Cell#010  040.2  292.9   000 :  
Cell#011  045.9  241.2   023 :   155  297  912  2060  2152  2347  2764  3349  4074  4138  5552  6253  6393  6845  7290  8239  8661  11498  11750  15319  15562  16034  17786 
Cell#012  048.8  218.2   026 :   111  267  343  1758  1781  2074  2757  5325  5453  6125  6382  7070  7561  7772  8955  9267  9319  9514  11457  13874  14177  15447  16649  17032  17238  17433 
Cell#013  057.4  278.5   000 :  
Cell#014  057.4  292.9   000 :  
Cell#015  057.4  195.2   040 :   270  898  962  1760  2010  2056  2097  2148  2347  2524  2932  3556  3732  4207  4876  4977  6382  6423  6696  6976  7357  7737  7785  8013  8237  8285  8423  9198  9267  9457  9627  9776  9842  10221  11631  11980  12452  13420  13851  17245 
Cell#016  068.9  246.9   012 :   292  1411  2257  4114  5513  6368  7108  7553  8092  12589  14754  15782 
Cell#017  068.9  218.2   000 :  
Cell#018  080.4  206.7   000 :  
Cell#019  080.4  238.3   007 :   1579  3221  5752  6655  7036  14861  15803 
Cell#020  091.9  284.2   000 :  
Cell#021  091.9  267.0   000 :  
Cell#022  091.9  232.6   009 :   961  1463  3426  4683  6255  7357  9502  10738  13442 
Cell#023  103.4  183.8   014 :   912  1464  2044  2358  2654  3241  4374  5579  5928  7351  8298  9200  15832  16885 
Cell#024  112.0  226.8   017 :   756  829  1200  3110  3599  3778  3858  3991  4172  4364  4605  4725  4904  4979  5375  5485  11734 
Cell#025  120.6  140.7   025 :   150  886  1466  1702  2718  2872  2986  3094  3346  3594  3727  3883  3945  5730  5870  6216  6737  7574  7945  9080  9204  9498  9993  12422  15568 
Cell#026  120.6  218.2   001 :   7561 
Cell#027  126.3  175.1   098 :   103  167  250  268  287  364  498  612  770  837  892  913  1160  1297  1389  1460  1634  1738  1884  2031  2187  2350  2471  2641  2740  2896  2992  3109  3350  3384  3430  3552  3728  3781  4446  4542  4625  4716  4838  4987  5110  5135  5438  5738  5871  6002  6112  6263  6465  6609  6658  6772  6832  6960  7045  7137  7419  7570  7696  7772  8293  8453  8680  8845  9370  9494  9643  9774  10008  10104  10414  10453  10474  10671  10696  11029  11196  11478  11763  11870  12074  12457  12964  13526  13689  13872  14012  14682  15074  15248  15530  16457  16743  17245  17436  17633  17856  17885 
Cell#028  132.1  244.0   005 :   481  933  5445  11535  16828 
Cell#029  132.1  215.3   001 :   480 
Cell#030  137.8  232.6   007 :   483  2647  2846  3429  4495  4825  9846 
Cell#031  140.7  206.7   019 :   914  2347  2638  2927  3113  4626  4986  5107  5442  5868  6118  6274  6570  7815  9000  9489  9518  11686  12963 
Cell#032  143.6  143.6   027 :   113  914  1213  1468  1681  1773  2073  2264  2351  2651  2847  3429  3772  4373  5606  5962  6106  6266  6876  7583  7786  8296  8993  9236  10867  11451  16336 
Cell#033  143.6  246.9   001 :   481 
Cell#034  146.4  178.0   014 :   10  286  1465  1705  1886  3123  3971  4823  5578  5965  6270  6655  7052  7359 
Cell#035  155.0  172.3   001 :   16308 
Cell#036  155.0  209.6   000 :  
Cell#037  166.5  232.6   016 :   1760  2659  4092  4894  6650  7069  7588  7698  8374  9512  11147  12103  12961  14972  16091  16183 
Cell#038  169.4  189.5   003 :   5788  6842  15962 
Cell#039  175.1  218.2   000 :  
Cell#040  180.9  206.7   000 :  
Cell#041  180.9  235.4   000 :  
Cell#042  183.8  178.0   013 :   1970  3866  4271  4524  4822  5018  5507  9831  15441  15673  16782  17716  17906 
Cell#043  186.6  223.9   000 :  
Cell#044  195.2  198.1   008 :   2330  4267  6683  11482  12084  14965  15191  17661 
Cell#045  195.2  212.5   028 :   407  1861  2037  2629  2775  2853  3413  3874  3931  4268  4337  4504  4649  4679  4869  4903  4965  4988  13445  13674  13761  13995  14121  14261  14366  14435  14997  17488 
Cell#046  201.0  186.6   000 :  
Cell#047  206.7  160.8   035 :   50  318  612  1200  1547  2054  2143  2304  3118  4271  4425  4466  4952  5353  5990  7513  8421  8613  9299  9925  10039  11485  11636  12145  12966  13181  13996  14090  14993  15186  15532  15704  16383  17036  17848 
Cell#048  209.6  212.5   009 :   2787  3108  4697  5446  5870  11674  11853  12041  15378 
Cell#049  209.6  178.0   000 :  
Cell#050  218.2  163.7   000 :  
Cell#051  226.8  175.1   018 :   131  2199  2887  3431  3781  4701  4994  5434  7142  7823  9309  11040  11657  13524  14249  14487  15840  16393 
Cell#052  229.7  206.7   041 :   118  589  756  880  1262  1320  1363  1462  2010  2136  2423  3104  3409  4351  4477  4610  4851  4961  5458  5488  6726  8281  8549  9223  10212  10677  10856  11145  11682  12959  13576  13780  14771  16023  17000  17252  17326  17413  17525  17807  17961 
Cell#053  232.6  152.2   005 :   4476  9440  13550  14859  16384 
Cell#054  238.3  172.3   000 :  
Cell#055  244.0  114.8   069 :   112  293  502  802  892  1460  1591  2354  2632  2726  2868  3356  3407  3691  3772  4244  4436  4544  4822  4842  4978  5380  5566  5738  6109  6263  6655  6844  7006  7084  7277  7304  7350  8281  8453  9189  9347  9510  10010  10207  10444  10810  11065  11299  11533  11877  12095  12867  12966  13331  13881  13966  14686  14824  14858  14945  15198  15310  15578  16099  16234  16388  16553  17124  17248  17555  17638  17871  17982 
Cell#056  246.9  140.7   004 :   5318  5738  6648  12966 
Cell#057  255.5  172.3   015 :   2183  2346  4506  4832  5143  5730  8394  8986  9215  9513  11041  14540  16052  16350  17061 
Cell#058  261.3  132.1   001 :   15088 
Cell#059  264.1  112.0   026 :   96  578  908  2350  2639  2731  2914  3029  3116  3428  4031  4655  4822  4980  6119  7128  9233  9522  11526  11880  12964  14042  15317  16395  17248  17888 
Cell#060  269.9  183.8   008 :   873  3845  7742  8015  8295  9889  15842  17156 
Cell#061  272.8  137.8   027 :   98  355  601  922  1032  2639  2735  2863  2914  3425  3731  4026  4446  5440  5508  5853  5878  7283  8061  9499  12359  14007  15113  15565  15821  16372  17126 
Cell#062  272.8  086.1   000 :  
Cell#063  275.6  195.2   004 :   1872  7422  16825  17788 
Cell#064  278.5  163.7   000 :  
Cell#065  287.1  097.6   041 :   73  247  997  1455  3104  3345  3649  4445  4528  5192  5710  5930  6043  6267  6437  6740  6928  7116  7588  7760  8815  9014  9186  10569  10780  11305  11817  12289  12567  12858  14571  14628  14771  15062  15271  15560  15686  16589  16695  17002  17591 
Cell#066  287.1  206.7   000 :  
Cell#067  287.1  134.9   051 :   137  697  890  963  2038  2185  2343  2708  3024  3233  3410  3790  4164  4446  4611  4820  4989  5103  5415  5562  6096  6204  6275  6435  6658  6837  6972  8047  8373  8749  8818  8949  9116  10815  10987  11107  12398  12918  13521  14008  14583  14859  15001  15893  16042  16088  16237  16388  17262  17638  17879 
Cell#068  292.9  186.6   000 :  
Cell#069  292.9  149.3   000 :  
Cell#070  292.9  066.0   051 :   122  287  589  725  888  936  1376  1465  1814  2190  2369  2949  4384  4441  4831  4980  5122  5349  5477  5589  5738  5961  6266  6557  6658  6853  7137  7362  7738  8391  9304  10726  10866  11049  11318  11394  12100  12361  12556  13107  15051  15274  15827  15872  15987  16049  16332  16980  17017  17049  17422 
Cell#071  310.1  155.0   087 :   15  110  209  427  560  617  688  883  975  1165  1467  1772  1871  2043  2190  2632  2749  2889  3114  3320  3559  3775  4164  4384  4634  4829  4987  5145  5273  5463  5571  5734  6110  6277  6395  6656  6741  6871  7135  7325  7360  7791  7951  7999  8295  8600  9096  10469  10648  10928  11047  11137  11180  11323  11504  11637  11873  12077  12180  12448  12999  13166  13487  13882  14008  14253  14418  14602  14668  14838  14976  15072  15196  15265  15542  15583  15941  16391  16556  16620  16753  16824  16918  17168  17251  17395  17638 
Cell#072  312.9  172.3   000 :  
Cell#073  318.7  137.8   000 :  
Cell#074  321.6  201.0   000 :  
Cell#075  327.3  178.0   000 :  
Cell#076  330.2  129.2   011 :   2059  2440  2766  3167  4820  5205  5705  6101  9488  10949  12325 
Cell#077  338.8  223.9   001 :   7387 
Cell#078  338.8  140.7   020 :   568  951  3061  4443  4828  4991  5213  6274  6476  6762  8975  9285  11438  11553  14268  15311  15589  16718  17057  17614 
Cell#079  341.7  192.4   000 :  
Cell#080  347.4  100.5   000 :  
Cell#081  356.0  160.8   000 :  
Cell#082  356.0  178.0   015 :   1740  2343  3430  3733  5188  5376  6465  7795  10139  10467  11205  11345  11522  15230  17432 
Cell#083  361.8  103.4   000 :  
Cell#084  373.2  097.6   004 :   8005  10789  12935  16479 
Cell#085  379.0  209.6   002 :   9358  16091 
Cell#086  381.9  166.5   000 :  
Cell#087  387.6  114.8   011 :   8595  9808  10799  11221  12076  12803  12932  14328  15878  16294  17355 
Cell#088  390.5  137.8   013 :   1294  1519  9691  10801  11420  12232  13002  15183  16701  16940  17016  17121  17543 
Cell#089  393.3  206.7   000 :  
Cell#090  399.1  109.1   000 :  
Cell#091  404.8  178.0   003 :   488  1160  17826 
Cell#092  407.7  157.9   010 :   2168  2950  5891  6790  10400  12491  14528  15874  17048  17782 
Cell#093  413.4  195.2   010 :   4655  6848  9499  10673  13501  14634  14969  15563  16116  17054 
Cell#094  419.2  120.6   006 :   4415  7569  9197  9461  9856  17836 
Cell#095  419.2  166.5   000 :  
Cell#096  424.9  192.4   001 :   14921 
Cell#097  433.5  166.5   001 :   127 
Cell#098  439.3  137.8   001 :   125 
Cell#099  442.1  189.5   000 :  
Cell#100  450.8  175.1   000 :  
Cell#101  459.4  152.2   009 :   102  181  692  894  4556  4833  5075  7595  14856 
Cell#102  465.1  192.4   001 :   493 
Cell#103  465.1  140.7   052 :   99  725  774  893  1454  1628  2183  3112  3433  3733  3772  3878  4050  4130  4302  4554  4653  4772  4850  4974  5088  7592  7622  7782  8034  8307  9436  9511  9711  10474  10690  10935  11105  11141  11275  11380  11532  11658  12960  13252  13531  13747  13879  14254  14419  14857  15304  16104  16836  17189  17556  17790 
Cell#104  468.0  123.5   038 :   101  2508  2648  3116  3430  3779  3875  4049  4132  4173  4297  4558  4771  4833  4854  4985  7784  7846  8311  11102  11134  11272  11380  11533  12806  12861  12960  13212  13529  13875  14003  14255  14418  14854  15308  16232  16840  17186 
Cell#105  470.9  166.5   000 :  
Cell#106  476.6  100.5   029 :   28  1053  1158  1205  1355  1465  1813  1873  2648  2983  3130  3306  3602  4159  4317  4528  6105  6270  6417  7354  8602  8754  9123  9453  9836  12586  13090  13851  14028 
Cell#107  482.3  166.5   015 :   908  1761  2036  2112  2162  2352  3944  4432  5207  5725  5933  6649  9430  11646  15833 
Cell#108  496.7  212.5   041 :   514  734  903  1176  1685  1951  2194  2361  2983  3118  3391  3774  4097  4157  4858  4991  5064  5204  5291  5438  6926  7194  8194  9359  10466  10680  10836  11125  11233  11531  11701  12100  12647  12964  13507  14253  14411  14856  15214  15973  17266 
Cell#109  496.7  157.9   001 :   12332 
Cell#110  499.6  192.4   001 :   4150 
Cell#111  499.6  137.8   006 :   3803  7681  11256  11864  12960  17244 
Cell#112  511.1  183.8   000 :  
Cell#113  519.7  146.4   036 :   3  460  483  621  846  1221  1405  1953  1976  2237  2469  2920  3340  3831  4321  4797  4984  5511  5708  6089  6481  7134  7960  8045  8462  9728  10668  12065  12546  13876  14642  14858  15069  15172  15654  15805 
Cell#114  528.3  189.5   000 :  
Cell#115  539.8  149.3   050 :   145  1672  2496  2993  3112  3433  3706  3814  4204  4628  4979  5228  5379  5514  5613  5714  7344  7443  7583  7906  8381  8576  8846  9122  9234  10126  10438  10685  10796  10924  11198  11424  11463  11585  11681  12378  13137  13348  13546  13798  13963  14777  15591  15841  15910  15976  16070  16414  16990  17304 
Cell#116  542.6  195.2   000 :  
Cell#117  548.4  172.3   002 :   2032  3805 
Cell#118  548.4  212.5   001 :   1462 
Cell#119  557.0  189.5   000 :  
Cell#120  559.9  140.7   000 :  
Cell#121  574.2  178.0   034 :   98  227  291  670  867  1165  1646  2180  2630  2971  3098  3432  3967  4631  4980  5227  5442  6385  6662  6997  7442  8215  8730  8848  8971  9111  9485  11648  13069  14854  16381  16716  17138  17502 
Cell#122  582.8  143.6   029 :   113  1466  2642  3429  4160  4362  4596  5744  6120  6264  6652  6845  7136  8202  8296  9108  11316  11523  11653  12970  13869  14252  14426  14855  15041  15075  15208  17251  17625 
Cell#123  594.3  155.0   122 :   114  284  527  779  798  898  1308  1368  1464  1652  1866  1891  2042  2357  2629  2661  2861  2957  3118  3233  3354  3430  3774  3820  3939  4069  4161  4372  4595  4679  4813  4920  4954  5057  5091  5133  5330  5362  5540  5575  5589  5738  5875  6123  6270  6614  6655  6845  6912  7137  7455  7724  8045  8116  8290  8455  8609  8670  8850  8930  8992  9120  9239  9420  9491  9634  9783  10372  10473  10668  10840  10937  11040  11127  11221  11340  11414  11460  11530  11624  11700  11776  12010  12099  12351  12432  12615  12638  12918  12955  13303  13498  13870  14237  14264  14686  14858  15076  15154  15209  15289  15312  15516  15539  15574  15654  15771  15842  16071  16101  16266  16383  16734  16855  16947  17057  17257  17339  17518  17626  17754  17885 
Cell#124  605.8  178.0   026 :   7  114  1198  2182  2205  2358  3427  3934  4415  7164  7703  7787  8076  8606  8762  8888  9539  11328  13081  15147  15197  15456  16243  16319  16463  17885 
Cell#125  614.4  192.4   016 :   2208  2350  2866  2882  5133  5293  5798  7568  7775  9513  11017  11511  15228  15582  16393  17081 
Cell#126  623.0  201.0   003 :   3115  4163  5132 
Cell#127  625.9  175.1   178 :   77  107  194  286  410  492  520  568  623  671  715  772  818  878  896  916  962  995  1015  1171  1278  1308  1356  1370  1397  1446  1464  1505  1560  1650  1721  1769  1792  1880  2035  2129  2154  2205  2340  2356  2427  2457  2507  2622  2645  2743  2790  2868  2879  2936  3021  3106  3138  3207  3301  3349  3432  3618  3858  4005  4055  4140  4170  4362  4441  4480  4583  4658  4821  4837  4922  4986  5054  5148  5288  5368  5410  5469  5573  5717  5806  5875  6111  6224  6265  6395  6538  6568  6652  6754  6783  6845  6902  7072  7425  7457  7533  7590  7696  7754  7788  8026  8111  8166  8202  8241  8292  8560  8636  8668  8753  8817  8851  8959  9104  9226  9312  9406  9503  10284  10347  10461  10654  10693  10819  10937  11030  11115  11142  11361  11519  11626  11686  11780  11872  12055  12193  12562  12631  12677  12764  12957  13360  13863  13880  14229  14259  14411  14601  14679  14793  14828  14860  15000  15057  15112  15206  15254  15307  15509  15534  15557  15580  15766  15800  15833  15924  15961  16050  16306  16387  16731  16798  16944  17018  17633  17738  17882 
Cell#128  654.6  206.7   115 :   284  493  530  633  676  755  782  862  943  970  1119  1302  1463  1474  1558  1633  1662  1756  1908  2040  2105  2185  2222  2357  2545  2637  2726  2887  2951  3022  3061  3118  3327  3435  3620  3783  3960  4166  4432  4476  4574  4821  4838  4980  5170  5328  5403  5509  5557  5704  5814  5846  5885  6071  6098  6245  6334  6656  6793  6825  6867  7004  7066  7357  7575  7751  7790  8110  8286  8357  8463  8607  8861  9393  9412  9474  9630  9765  9786  9852  10295  10467  10829  10921  11040  11143  11221  11336  11549  11829  13446  13505  13792  13863  14198  14255  14432  14698  14856  15053  15195  15216  15315  16255  16400  16731  16748  17043  17173  17248  17493  17562  17629  17755  17883 
Cell#129  671.8  212.5   040 :   86  111  854  1184  1457  2083  2583  2918  2936  3429  3734  3956  4124  4377  4833  4993  5206  6095  6260  7542  8051  8305  9509  9627  10456  11163  12344  12600  12660  14011  14637  14855  15052  15307  15454  15777  16380  17254  17630  17882 
