Total No of Frames = 18000  (1 frame = 10 msec)

Cell No.   X      Y    N_Spikes  Frames
Cell#001  023.0  089.0   007 :   4433  5021  6878  11437  13896  16890  17164 
Cell#002  028.7  068.9   000 :  
Cell#003  034.5  112.0   014 :   3798  7587  9710  11592  12681  13257  13537  14672  14919  15127  15581  15917  16637  16937 
Cell#004  034.5  089.0   000 :  
Cell#005  045.9  071.8   001 :   8277 
Cell#006  054.6  094.7   003 :   5770  13663  16265 
Cell#007  063.2  120.6   017 :   230  485  575  2299  2413  9779  11987  12812  13587  14298  14778  15464  15889  15940  16185  16479  16948 
Cell#008  074.6  126.3   002 :   16083  17281 
Cell#009  086.1  094.7   020 :   1902  2695  3504  3687  4335  6432  6495  6651  7817  9513  10227  10898  14119  14738  15527  15778  15907  17197  17271  17719 
Cell#010  091.9  123.5   008 :   10509  13900  14098  15181  15321  15779  16403  17337 
Cell#011  091.9  143.6   000 :  
Cell#012  097.6  132.1   001 :   1953 
Cell#013  097.6  097.6   018 :   2054  2127  3819  7150  8130  9510  10051  12131  12528  14098  14289  15164  15475  15780  16400  17189  17339  17807 
Cell#014  112.0  109.1   077 :   31  320  399  631  663  855  1695  1762  1953  2319  2354  2438  2525  2630  3178  3257  3373  3391  3407  3931  4088  4147  4519  4739  5021  5129  5352  5477  6062  6233  6258  6321  6799  7583  7647  8080  8292  8462  8635  9152  9171  9429  9447  9680  10136  10506  10793  11649  11692  11823  11989  12078  12114  12144  12248  12315  12770  12852  13508  13710  14228  14467  14565  14643  14728  14790  15406  15871  16150  16234  16388  16849  17299  17639  17727  17784  17973 
Cell#015  117.7  086.1   007 :   1681  1954  2354  6799  8455  11437  12114 
Cell#016  123.5  109.1   007 :   1573  3122  3891  6568  7402  7978  12931 
Cell#017  126.3  137.8   007 :   1687  4974  5392  10349  13982  14883  16471 
Cell#018  137.8  149.3   003 :   1747  7834  17188 
Cell#019  146.4  160.8   000 :  
Cell#020  155.0  112.0   010 :   1816  2697  3499  4339  6427  7986  8776  10153  14949  17244 
Cell#021  166.5  132.1   000 :  
Cell#022  166.5  149.3   000 :  
Cell#023  183.8  129.2   007 :   4227  6633  6755  7965  8840  13856  17280 
Cell#024  186.6  157.9   007 :   1606  4677  6965  7484  7807  8116  17856 
Cell#025  195.2  126.3   001 :   2430 
Cell#026  201.0  195.2   000 :  
Cell#027  201.0  160.8   001 :   4459 
Cell#028  203.8  137.8   009 :   2206  2278  2336  2440  4456  13603  13877  16205  17375 
Cell#029  212.5  178.0   021 :   600  701  1248  2896  3114  3196  3220  3266  3379  4281  4859  5920  5999  6234  6301  7469  9380  11417  11942  12858  14551 
Cell#030  215.3  149.3   000 :  
Cell#031  226.8  175.1   000 :  
Cell#032  229.7  152.2   010 :   4452  4767  5099  6548  8360  13121  13852  15731  16689  17217 
Cell#033  235.4  123.5   009 :   1762  5204  5485  8685  8956  9973  10938  14532  15901 
Cell#034  235.4  137.8   003 :   14530  15900  16501 
Cell#035  235.4  195.2   000 :  
Cell#036  255.5  126.3   000 :  
Cell#037  258.4  140.7   002 :   5824  5916 
Cell#038  261.3  166.5   058 :   192  319  541  599  636  691  764  1018  1129  1203  1271  2085  2380  2492  2749  2860  2884  3112  3197  3224  3277  3360  3748  3972  4118  4274  4846  5452  5816  5920  6012  6122  6222  6294  7253  7306  7464  8291  9167  9372  9425  9653  11239  11417  11608  11891  11946  12689  12796  12821  12859  14318  14425  14547  16670  16723  16844  17800 
Cell#039  272.8  140.7   003 :   1425  14303  17194 
Cell#040  278.5  160.8   001 :   17037 
Cell#041  287.1  152.2   001 :   8934 
Cell#042  295.7  137.8   001 :   8225 
Cell#043  298.6  169.4   001 :   17849 
Cell#044  330.2  169.4   003 :   2127  9782  16359 
Cell#045  333.0  218.2   001 :   3821 
Cell#046  335.9  140.7   004 :   5920  5997  9382  16848 
Cell#047  338.8  235.4   000 :  
Cell#048  338.8  195.2   000 :  
Cell#049  347.4  163.7   000 :  
Cell#050  358.9  198.1   000 :  
Cell#051  361.8  146.4   008 :   1704  7389  8700  12514  13459  13809  14048  17200 
Cell#052  379.0  212.5   000 :  
Cell#053  384.7  143.6   001 :   11119 
Cell#054  387.6  166.5   008 :   4951  5413  8109  8711  10236  11119  16657  17626 
Cell#055  390.5  223.9   074 :   64  147  253  273  300  1145  2732  2753  2830  2861  2912  2962  3058  3418  3839  3917  3942  4003  4797  5543  5598  5692  5719  5781  5837  5857  5871  6078  7162  7214  7267  7435  7562  9028  9141  9176  9214  9490  9515  9582  9947  10509  10557  10599  10740  11458  11517  11567  11621  12283  12612  12634  14049  14104  14144  14194  14268  14495  14517  14587  15189  15259  15395  15477  15856  16081  16186  16360  16404  16777  17078  17544  17737  17957 
Cell#056  407.7  183.8   000 :  
Cell#057  410.6  221.1   005 :   1782  11122  14101  15910  17719 
Cell#058  413.4  201.0   000 :  
Cell#059  413.4  155.0   000 :  
Cell#060  436.4  160.8   004 :   10276  12250  17428  17621 
Cell#061  447.9  192.4   000 :  
Cell#062  453.6  178.0   001 :   8745 
Cell#063  462.2  134.9   004 :   2419  11442  12753  13087 
Cell#064  465.1  155.0   012 :   1468  2238  5361  6763  8461  10149  10745  11338  13199  14017  14396  16937 
Cell#065  485.2  192.4   003 :   12392  15181  16403 
Cell#066  485.2  152.2   005 :   1393  7884  8749  10508  13958 
Cell#067  491.0  180.9   000 :  
Cell#068  499.6  146.4   022 :   1872  3891  4429  5069  5937  6118  6154  7706  7984  8202  8806  10244  11439  12448  14543  14581  14643  14679  15111  15450  15578  16467 
Cell#069  502.4  192.4   010 :   1442  1668  2453  3689  3821  5273  5384  7971  14676  15884 
Cell#070  505.3  203.8   011 :   1438  1983  2453  5271  5386  7968  10509  13578  14675  15883  17204 
Cell#071  513.9  140.7   002 :   10816  17308 
Cell#072  522.5  129.2   001 :   10819 
Cell#073  528.3  109.1   002 :   1706  17154 
Cell#074  528.3  180.9   008 :   1447  11440  12278  12345  13327  15181  15412  17212 
Cell#075  528.3  209.6   000 :  
Cell#076  534.0  149.3   003 :   6530  9061  17291 
Cell#077  539.8  112.0   003 :   3716  5347  16707 
Cell#078  542.6  132.1   000 :  
Cell#079  545.5  094.7   006 :   93  193  308  511  883  949 
Cell#080  551.3  195.2   007 :   637  4118  5835  12703  12863  14435  14677 
Cell#081  562.7  126.3   014 :   412  3201  3346  5859  7359  9404  9560  12654  13551  14499  15998  16861  16947  17487 
Cell#082  571.3  163.7   000 :  
Cell#083  585.7  183.8   000 :  
Cell#084  591.4  155.0   000 :  
Cell#085  608.7  114.8   007 :   2968  4713  6244  7269  7292  10558  13452 
Cell#086  611.5  155.0   005 :   7152  13394  14805  15932  16475 
Cell#087  611.5  132.1   000 :  
Cell#088  620.2  106.2   001 :   17165 
Cell#089  640.3  106.2   008 :   3728  5193  10926  12216  13876  14360  16689  17217 
Cell#090  646.0  152.2   006 :   5088  5831  6489  11113  12025  12683 
Cell#091  651.7  132.1   003 :   4802  15777  17281 
Cell#092  657.5  063.2   000 :  
Cell#093  657.5  152.2   012 :   3690  3817  4467  4807  4928  7085  10831  13596  14098  15774  17345  17602 
Cell#094  666.1  132.1   013 :   1791  5313  8684  9330  10790  11255  13497  13573  15159  15510  16844  16897  17454 
Cell#095  666.1  106.2   000 :  
Cell#096  674.7  120.6   096 :   633  1033  1086  1110  1198  2039  2737  2774  2854  3203  3246  4251  4421  4926  5368  5551  5697  5784  5858  5910  6055  7000  7086  7148  7183  7210  7270  7669  8591  8841  8910  8922  8937  9010  9056  9090  9119  9144  9171  9403  10517  10599  10818  11458  11485  11513  11606  13457  13664  13744  13799  13885  14058  14099  14152  14237  14269  14289  14331  14355  14401  14424  14466  14476  14485  14523  14548  14566  14586  14689  14760  14783  14893  14995  15055  15182  15216  15236  15249  15274  15392  15677  16292  16775  16793  16813  16844  16886  16946  17012  17080  17154  17210  17223  17602  17658 
Cell#097  677.6  051.7   000 :  
Cell#098  686.2  040.2   000 :  
Cell#099  694.8  086.1   000 :  
Cell#100  697.7  114.8   022 :   94  130  186  529  1215  1791  3827  4849  7715  8591  10003  10238  10513  10816  11609  12499  13499  14067  14117  16459  17660  17960 
Cell#101  697.7  068.9   021 :   326  1129  1408  2862  2952  3268  3905  4278  4405  4983  5826  5969  6236  7049  7326  7972  10286  10764  15280  16418  17134 
Cell#102  700.5  057.4   000 :  
Cell#103  712.0  080.4   002 :   13510  16341 
Cell#104  714.9  048.8   019 :   627  990  2031  5473  6404  7479  7699  8608  9613  10233  11114  11427  11604  13424  13761  14302  15459  16541  17616 
Cell#105  717.8  068.9   014 :   186  1415  2544  2860  3215  6165  6178  10179  10230  11966  13464  14074  16312  17230 
