Total No of Frames = 18000  (1 frame = 10 msec)

Cell No.   X      Y    N_Spikes  Frames
Cell#001  031.6  172.3   000 :  
Cell#002  051.7  166.5   015 :   3181  3289  3371  3631  6201  7007  7067  7714  7888  10120  15876  15953  16928  17074  17234 
Cell#003  066.0  114.8   002 :   5296  14430 
Cell#004  066.0  163.7   005 :   3404  9716  11919  13124  17820 
Cell#005  068.9  132.1   006 :   102  2279  6854  7069  11918  14597 
Cell#006  074.6  186.6   015 :   100  1335  1514  2504  4278  4426  6164  7006  7481  8956  11918  14231  15264  17233  17834 
Cell#007  086.1  195.2   000 :  
Cell#008  094.7  120.6   000 :  
Cell#009  097.6  134.9   042 :   1757  2506  2635  3110  3521  4552  4568  4585  4604  5669  6383  7687  7727  8108  8456  8987  9655  10029  11918  12631  13116  13424  13612  13689  14227  14243  14693  14731  14816  15011  15534  16089  16235  16247  16273  16795  16825  16860  17075  17395  17589  17839 
Cell#010  100.5  209.6   006 :   1111  15567  15575  15624  15838  16124 
Cell#011  109.1  109.1   028 :   16  103  1517  1843  3633  3653  4187  4213  5300  5361  5464  5489  5525  5977  6141  6966  7993  9256  11915  13122  13412  13449  13536  14231  15259  16458  17307  17837 
Cell#012  120.6  160.8   016 :   102  844  1156  1333  1517  1628  2506  2715  5096  5697  6159  9231  16465  17235  17815  17836 
Cell#013  120.6  180.9   006 :   4277  5696  6157  6882  7007  15262 
Cell#014  126.3  201.0   012 :   775  4174  4260  4353  5362  5495  5916  5979  6010  6967  8527  9225 
Cell#015  132.1  094.7   056 :   99  184  294  840  1481  1701  1764  1870  2708  3089  3348  3404  4619  5093  5120  5169  5314  6143  6155  6268  6386  6409  6477  6980  7016  7516  7562  7999  8025  8088  8164  8917  8951  8974  9330  9982  10128  10676  11588  12337  12484  13120  13222  13263  13411  14229  14701  14759  15832  16861  17592  17781  17825  17861  17882  17889 
Cell#016  137.8  123.5   034 :   107  231  843  1324  1517  1874  2411  2507  3326  3470  4274  4462  5087  5096  5719  6165  6967  7988  8040  9319  9981  10686  11917  12336  12487  13124  13537  14227  14588  15263  16457  16870  17606  17834 
Cell#017  143.6  040.2   005 :   4228  11918  15258  16243  17836 
Cell#018  149.3  057.4   042 :   638  719  1145  1438  3202  3298  3317  4218  5407  5706  6158  6993  7057  7153  7647  7713  8867  8919  9163  9193  9218  9910  10669  10705  10914  10924  10934  10960  12439  13588  13613  14227  15638  15661  16264  17380  17431  17462  17480  17510  17550  17665 
Cell#019  149.3  149.3   001 :   11917 
Cell#020  152.2  123.5   027 :   99  836  1845  2508  2645  3496  4353  5325  5466  5501  5696  6142  7198  10149  10191  11916  12472  13412  13425  14228  15257  15627  15663  16458  16868  16952  17831 
Cell#021  155.0  160.8   001 :   11917 
Cell#022  160.8  129.2   001 :   4276 
Cell#023  172.3  166.5   007 :   5099  5615  5677  6692  14710  15262  17846 
Cell#024  183.8  218.2   009 :   101  3084  3437  4259  4278  7827  8427  11917  12760 
Cell#025  192.4  160.8   037 :   101  170  229  845  1332  1518  1748  1864  2502  2518  3323  3390  4089  4278  5099  5620  5702  6155  6173  7006  7051  8475  8958  9846  10775  11343  11687  11918  14229  14465  14976  15552  16135  16391  16951  17233  17711 
Cell#026  195.2  229.7   000 :  
Cell#027  209.6  203.8   003 :   4276  11324  11918 
Cell#028  209.6  149.3   053 :   101  362  630  682  1130  1414  1513  1629  2370  2759  3149  3260  3400  3682  3987  4221  4326  4557  5220  5795  6653  8086  8214  8510  9435  10012  10034  10104  10371  10671  12017  12933  13139  13210  13255  13338  13466  13529  14161  14192  14432  14598  14645  14691  14731  14766  14871  15347  15710  16199  16298  16908  17875 
Cell#029  212.5  218.2   011 :   3565  3590  3602  5395  5836  6130  6292  9155  9564  14467  15481 
Cell#030  221.1  203.8   198 :   11  70  173  227  338  385  447  576  617  711  732  758  841  955  1201  1326  1368  1388  1495  1526  1556  1677  1699  1721  1731  1845  1865  1904  1928  1973  2404  2516  2556  2608  2986  3019  3167  3248  3295  3457  3807  3823  3935  3977  4065  4120  4135  4183  4256  4274  4288  4339  4462  4838  4960  5092  5173  5397  5411  5462  5486  5669  5713  5750  6093  6132  6682  6791  6906  6930  6973  7027  7069  7170  7393  7503  7525  7991  8030  8061  8082  8176  8238  8397  8410  8429  8746  8805  8865  8896  8913  8939  8960  9008  9325  9339  9350  9380  9680  9773  9795  9824  9859  9891  9984  10038  10051  10069  10177  10301  10316  10328  10628  11322  11447  11916  11928  12339  12759  12797  13127  13143  13155  13437  13524  13540  13575  13588  13598  13620  13681  13959  14002  14020  14040  14060  14080  14100  14111  14117  14130  14139  14160  14188  14201  14233  14263  14285  14305  14363  14375  14443  14463  14481  14505  14544  14587  14615  14641  14675  14710  14770  14824  14865  14885  14911  14930  14952  14991  15036  15123  15194  15224  15257  15314  15409  15437  15516  15590  15643  15704  15726  15756  15797  15822  15886  15951  15985  15999  17152  17414  17436  17458  17464  17542  17608  17643  17797 
Cell#031  229.7  166.5   017 :   101  844  986  1433  3192  4348  6160  7054  7068  7884  8811  9043  9076  11918  13782  13824  17750 
Cell#032  232.6  215.3   001 :   6160 
Cell#033  241.2  178.0   026 :   157  186  216  240  261  1618  2605  3152  3388  3435  3845  3871  4256  4276  4401  5677  5700  5781  6372  6483  6526  8458  8497  10122  10220  13602 
Cell#034  244.0  229.7   016 :   842  1220  2687  3266  3542  4278  4430  4487  4872  6257  8472  10849  10906  11365  11918  12545 
Cell#035  258.4  163.7   003 :   1124  1514  12341 
Cell#036  264.1  232.6   003 :   2506  11918  14229 
Cell#037  269.9  252.7   003 :   98  1515  11918 
Cell#038  275.6  143.6   001 :   11916 
Cell#039  281.4  157.9   003 :   102  2505  11919 
Cell#040  284.2  221.1   003 :   100  1513  11918 
Cell#041  287.1  292.9   015 :   100  704  731  923  4956  5422  7077  9452  10193  11198  11251  11918  12802  16928  17837 
Cell#042  298.6  195.2   005 :   1514  4276  11916  14229  17230 
Cell#043  307.2  186.6   003 :   2505  8004  11918 
Cell#044  310.1  203.8   002 :   2497  11916 
Cell#045  312.9  178.0   004 :   843  2499  2520  11916 
Cell#046  312.9  258.4   005 :   1514  1792  2506  5097  6351 
Cell#047  315.8  275.6   008 :   97  830  1328  5093  11596  13504  15822  16520 
Cell#048  318.7  195.2   001 :   11918 
Cell#049  327.3  272.8   004 :   2504  4276  11914  13118 
Cell#050  327.3  241.2   003 :   1517  8955  17231 
Cell#051  327.3  206.7   001 :   11916 
Cell#052  338.8  235.4   002 :   2505  11917 
Cell#053  338.8  267.0   000 :  
Cell#054  356.0  278.5   011 :   102  1517  1791  3309  3325  3582  4356  6345  6390  11919  15261 
Cell#055  356.0  226.8   003 :   3248  11918  15265 
Cell#056  361.8  212.5   002 :   11916  17841 
Cell#057  361.8  261.3   007 :   99  180  3045  3065  11916  13992  14003 
Cell#058  370.4  272.8   001 :   98 
Cell#059  387.6  246.9   072 :   36  283  649  732  1103  1241  1405  1436  1625  1960  2174  2203  2314  2501  2706  2731  2866  3052  3154  3266  3348  3489  3578  3621  3752  3906  4032  4193  4353  4434  4505  4672  4878  5014  5765  5962  6210  6494  7037  7197  7381  7393  7680  7793  7886  8311  8456  8480  8500  8848  8932  9470  9606  10236  10512  10758  10778  12006  12047  13383  13712  14804  15488  16042  16355  16644  17097  17138  17384  17668  17821  17838 
Cell#060  396.2  163.7   023 :   126  242  856  1326  1364  1897  2547  2653  4287  5109  5756  6164  7057  7541  7592  7658  8050  8094  8974  9378  9396  10000  17236 
Cell#061  396.2  264.1   000 :  
Cell#062  396.2  195.2   000 :  
Cell#063  396.2  175.1   024 :   108  131  246  856  1366  1538  1899  1912  1931  2547  4276  5111  5756  6162  6212  7057  7539  7592  7653  8051  8974  9377  11918  17862 
Cell#064  404.8  163.7   019 :   61  94  1336  1513  1876  3075  3290  4458  5685  7164  9988  11347  11916  13536  14596  15263  16468  16863  17231 
Cell#065  407.7  284.2   002 :   1519  11917 
Cell#066  410.6  201.0   003 :   100  1513  11918 
Cell#067  410.6  175.1   000 :  
Cell#068  413.4  246.9   002 :   2506  11916 
Cell#069  416.3  258.4   000 :  
Cell#070  419.2  272.8   000 :  
Cell#071  422.1  189.5   013 :   86  334  834  1093  1384  1431  1573  1764  3057  4500  7166  11920  17220 
Cell#072  422.1  287.1   001 :   4881 
Cell#073  427.8  241.2   002 :   3333  11449 
Cell#074  433.5  183.8   023 :   830  843  907  996  1968  3417  3442  4599  4637  5602  5813  6040  8336  9054  10246  12005  13713  13748  16058  16142  16999  17825  17839 
Cell#075  436.4  137.8   005 :   1337  2506  4276  7522  11918 
Cell#076  436.4  275.6   003 :   1334  7521  11916 
Cell#077  439.3  241.2   005 :   104  1332  1844  2504  7523 
Cell#078  447.9  264.1   000 :  
Cell#079  450.8  180.9   018 :   1497  2258  4274  4904  5177  6966  7071  9801  9986  10919  10953  12297  12314  12335  16375  16687  17185  17724 
Cell#080  450.8  301.5   002 :   11917  16846 
Cell#081  462.2  223.9   013 :   35  894  1394  1511  1692  1788  3578  6211  6469  8430  14341  14834  17592 
Cell#082  462.2  192.4   003 :   1787  2506  3486 
Cell#083  465.1  175.1   003 :   3382  11917  14222 
Cell#084  465.1  269.9   001 :   4277 
Cell#085  476.6  206.7   008 :   161  1579  2505  2530  2563  5703  6322  8453 
Cell#086  476.6  149.3   003 :   94  1755  11915 
Cell#087  479.5  172.3   021 :   140  1847  1875  2500  2579  3327  4586  4616  5523  8021  8111  8397  9993  10028  10054  13259  13602  15679  15918  16884  17487 
Cell#088  479.5  229.7   007 :   1332  1540  2503  2533  11916  17590  17635 
Cell#089  482.3  258.4   002 :   3055  4033 
Cell#090  488.1  206.7   006 :   1331  3176  9686  16452  16856  17233 
Cell#091  488.1  157.9   000 :  
Cell#092  491.0  223.9   009 :   187  222  1584  2506  2654  3496  13626  13799  16908 
Cell#093  493.8  178.0   007 :   825  2620  3266  8075  10844  11917  16858 
Cell#094  493.8  269.9   003 :   88  844  1512 
Cell#095  499.6  152.2   004 :   4275  11917  14223  17231 
Cell#096  499.6  195.2   002 :   10845  16858 
Cell#097  508.2  206.7   016 :   89  1660  1825  2505  4266  4275  4350  4456  5086  7522  8465  10286  10774  11918  15367  17232 
Cell#098  508.2  255.5   005 :   108  1319  1987  5735  17232 
Cell#099  519.7  218.2   006 :   826  4275  11918  13533  14229  16464 
Cell#100  525.4  287.1   001 :   16843 
Cell#101  557.0  275.6   013 :   734  821  877  1148  1305  2370  4099  4960  6960  11848  13040  14401  16241 
Cell#102  559.9  292.9   000 :  
Cell#103  562.7  244.0   002 :   1892  2503 
Cell#104  571.3  261.3   001 :   1894 
Cell#105  574.2  238.3   001 :   8982 
Cell#106  574.2  298.6   000 :  
Cell#107  597.2  235.4   000 :  
Cell#108  600.1  287.1   001 :   1333 
Cell#109  611.5  281.4   002 :   1332  2506 
Cell#110  611.5  201.0   002 :   4276  11916 
Cell#111  617.3  261.3   002 :   1334  11917 
Cell#112  620.2  298.6   000 :  
Cell#113  620.2  183.8   014 :   103  844  1334  2506  4277  5095  6382  7523  8953  11917  17235  17283  17598  17841 
Cell#114  628.8  269.9   001 :   11918 
Cell#115  631.6  249.8   000 :  
Cell#116  634.5  295.7   000 :  
Cell#117  637.4  235.4   000 :  
Cell#118  637.4  218.2   000 :  
Cell#119  648.9  272.8   021 :   104  843  1332  2505  4278  5098  6165  7523  11332  11345  11918  13126  14229  14598  15263  15666  16465  16868  17234  17592  17841 
Cell#120  654.6  252.7   003 :   1332  2509  11918 
