Total No of Frames = 18000  (1 frame = 10 msec)

Cell No.   X      Y    N_Spikes  Frames
Cell#001  048.8  149.3   000 :  
Cell#002  066.0  186.6   000 :  
Cell#003  068.9  123.5   000 :  
Cell#004  074.6  163.7   000 :  
Cell#005  077.5  097.6   000 :  
Cell#006  080.4  183.8   000 :  
Cell#007  086.1  112.0   000 :  
Cell#008  091.9  166.5   005 :   3711  8186  10117  10443  14730 
Cell#009  094.7  103.4   000 :  
Cell#010  109.1  083.3   031 :   83  896  928  962  2402  2779  2854  3929  4431  4491  4981  5070  6048  7261  8516  9475  9631  10655  10738  11476  11591  13137  13218  13294  13318  13746  13770  15324  16217  16556  16619 
Cell#011  112.0  123.5   001 :   2405 
Cell#012  112.0  160.8   000 :  
Cell#013  114.8  143.6   000 :  
Cell#014  120.6  071.8   000 :  
Cell#015  126.3  097.6   083 :   8  175  386  476  564  888  1042  1374  1718  2041  2374  2485  2778  2867  3297  3351  3706  3892  4058  4179  4263  4430  4492  4565  4683  4841  4932  5002  5047  5088  5113  5184  5984  6317  6697  6960  7049  7094  7184  7415  7463  7627  7837  8135  8179  8514  8696  8850  9388  9498  9636  9723  9758  10121  10457  10667  10827  11043  11095  11156  11428  11442  11481  11547  11606  11744  12342  12677  13025  13099  13561  13701  14011  14139  14399  14731  15075  15291  15793  16113  16463  17301  17677 
Cell#016  129.2  155.0   000 :  
Cell#017  134.9  137.8   000 :  
Cell#018  137.8  169.4   000 :  
Cell#019  140.7  195.2   000 :  
Cell#020  143.6  097.6   000 :  
Cell#021  146.4  080.4   000 :  
Cell#022  149.3  160.8   000 :  
Cell#023  149.3  103.4   000 :  
Cell#024  149.3  183.8   001 :   17684 
Cell#025  149.3  060.3   000 :  
Cell#026  160.8  146.4   000 :  
Cell#027  160.8  057.4   000 :  
Cell#028  160.8  103.4   000 :  
Cell#029  166.5  172.3   000 :  
Cell#030  169.4  066.0   000 :  
Cell#031  172.3  186.6   000 :  
Cell#032  175.1  077.5   000 :  
Cell#033  175.1  120.6   000 :  
Cell#034  175.1  048.8   000 :  
Cell#035  183.8  155.0   000 :  
Cell#036  186.6  086.1   003 :   2042  2376  2483 
Cell#037  189.5  063.2   128 :   35  185  292  388  473  601  765  806  843  888  940  972  1015  1064  1103  1134  1176  1201  1269  1325  1383  1437  1471  1496  1532  1568  1596  1636  1687  1713  1748  1804  1843  1866  1900  1958  1999  2062  2116  2175  2210  2235  2287  2324  2361  2410  2437  2486  2513  2562  2674  2735  2768  2818  2859  2899  2947  3038  3100  3171  3267  3324  3438  3835  4256  4555  4588  4618  4655  4732  4793  4841  4914  5001  5020  5066  5130  5185  5220  5274  5309  5376  5413  5511  5624  5705  5958  6159  6224  6258  6286  6340  6382  6552  6645  6688  6730  6782  6834  6881  7048  7089  7132  7177  7213  7365  7398  7499  7710  7777  7826  8200  8396  8694  8887  8941  9009  9402  9570  9783  10039  10151  10267  11545  11785  12346  12702  13031 
Cell#038  189.5  045.9   000 :  
Cell#039  195.2  183.8   000 :  
Cell#040  198.1  100.5   000 :  
Cell#041  198.1  126.3   000 :  
Cell#042  203.8  149.3   000 :  
Cell#043  206.7  068.9   000 :  
Cell#044  212.5  106.2   001 :   7846 
Cell#045  218.2  089.0   000 :  
Cell#046  218.2  074.6   000 :  
Cell#047  221.1  178.0   000 :  
Cell#048  229.7  143.6   000 :  
Cell#049  229.7  057.4   000 :  
Cell#050  229.7  160.8   000 :  
Cell#051  229.7  117.7   000 :  
Cell#052  235.4  083.3   000 :  
Cell#053  241.2  112.0   000 :  
Cell#054  241.2  057.4   000 :  
Cell#055  244.0  149.3   002 :   1370  2036 
Cell#056  246.9  077.5   000 :  
Cell#057  249.8  103.4   000 :  
Cell#058  252.7  051.7   000 :  
Cell#059  255.5  166.5   000 :  
Cell#060  264.1  077.5   000 :  
Cell#061  267.0  109.1   000 :  
Cell#062  269.9  054.6   000 :  
Cell#063  269.9  086.1   000 :  
Cell#064  281.4  068.9   000 :  
Cell#065  287.1  086.1   003 :   10831  13031  17306 
Cell#066  292.9  020.1   000 :  
Cell#067  298.6  103.4   001 :   10451 
Cell#068  301.5  066.0   000 :  
Cell#069  304.3  114.8   000 :  
Cell#070  307.2  048.8   000 :  
Cell#071  315.8  080.4   000 :  
Cell#072  321.6  051.7   000 :  
Cell#073  324.4  120.6   000 :  
Cell#074  324.4  011.5   000 :  
Cell#075  327.3  143.6   000 :  
Cell#076  333.0  043.1   000 :  
Cell#077  333.0  028.7   001 :   8714 
Cell#078  338.8  086.1   000 :  
Cell#079  338.8  020.1   000 :  
Cell#080  341.7  031.6   000 :  
Cell#081  344.5  057.4   000 :  
Cell#082  344.5  071.8   000 :  
Cell#083  350.3  089.0   000 :  
Cell#084  356.0  034.5   000 :  
Cell#085  361.8  051.7   000 :  
Cell#086  361.8  014.4   000 :  
Cell#087  367.5  068.9   000 :  
Cell#088  367.5  043.1   000 :  
Cell#089  379.0  066.0   000 :  
Cell#090  379.0  040.2   000 :  
Cell#091  384.7  083.3   006 :   5047  9774  10142  10457  16115  16475 
Cell#092  390.5  034.5   000 :  
Cell#093  390.5  051.7   000 :  
Cell#094  396.2  077.5   001 :   17 
Cell#095  396.2  109.1   001 :   14744 
Cell#096  399.1  025.8   002 :   7106  13706 
Cell#097  407.7  034.5   000 :  
Cell#098  407.7  097.6   000 :  
Cell#099  410.6  086.1   000 :  
Cell#100  416.3  068.9   000 :  
Cell#101  419.2  054.6   000 :  
Cell#102  419.2  025.8   000 :  
Cell#103  422.1  129.2   006 :   8851  9270  10459  14015  14137  17186 
Cell#104  424.9  080.4   000 :  
Cell#105  424.9  114.8   003 :   10140  11548  12678 
Cell#106  427.8  045.9   000 :  
Cell#107  433.5  028.7   000 :  
Cell#108  436.4  112.0   026 :   1046  1731  2489  2878  3363  5091  6325  6715  7469  7856  9023  9779  10464  11110  11483  11548  12345  12685  13035  14414  14744  15093  15798  16118  16467  17320 
Cell#109  436.4  071.8   004 :   895  8497  13025  13176 
Cell#110  439.3  100.5   025 :   1048  1732  2490  2879  3363  5093  6325  6716  7473  7859  9029  9775  10463  11485  11548  12346  12688  13037  14414  14746  15095  15798  16119  16464  17319 
Cell#111  442.1  051.7   004 :   11575  13027  14731  15082 
Cell#112  445.0  083.3   000 :  
Cell#113  450.8  137.8   000 :  
Cell#114  453.6  037.3   000 :  
Cell#115  459.4  086.1   001 :   3706 
Cell#116  462.2  054.6   000 :  
Cell#117  470.9  028.7   000 :  
Cell#118  470.9  089.0   001 :   8195 
Cell#119  473.7  152.2   000 :  
Cell#120  473.7  132.1   000 :  
Cell#121  479.5  040.2   001 :   2875 
Cell#122  485.2  054.6   001 :   3712 
Cell#123  488.1  123.5   003 :   3304  11445  15290 
Cell#124  502.4  037.3   000 :  
Cell#125  502.4  077.5   000 :  
Cell#126  508.2  048.8   000 :  
Cell#127  511.1  120.6   000 :  
Cell#128  513.9  086.1   004 :   6321  12677  14403  17303 
Cell#129  522.5  043.1   000 :  
Cell#130  528.3  080.4   009 :   1386  1726  2489  2870  7465  8186  12342  14403  15805 
Cell#131  536.9  120.6   000 :  
Cell#132  539.8  063.2   002 :   7384  15793 
Cell#133  539.8  100.5   001 :   17303 
Cell#134  542.6  083.3   001 :   17307 
Cell#135  557.0  080.4   009 :   1718  7468  7839  12677  14408  14730  16117  17306  17674 
Cell#136  559.9  057.4   000 :  
Cell#137  568.5  134.9   015 :   1372  1714  2045  2378  2794  3890  6699  8865  11746  12674  13023  14727  16461  17301  17676 
Cell#138  571.3  089.0   001 :   2483 
Cell#139  571.3  123.5   004 :   2049  16465  17302  17677 
Cell#140  574.2  063.2   006 :   14725  15088  15797  16117  17303  17666 
Cell#141  574.2  112.0   003 :   2044  2488  9758 
Cell#142  580.0  074.6   000 :  
Cell#143  580.0  097.6   003 :   2042  2488  9765 
Cell#144  580.0  132.1   000 :  
Cell#145  582.8  120.6   000 :  
Cell#146  588.6  137.8   000 :  
Cell#147  591.4  086.1   003 :   2044  2487  9765 
Cell#148  594.3  109.1   000 :  
Cell#149  594.3  120.6   000 :  
Cell#150  600.1  094.7   000 :  
Cell#151  602.9  103.4   001 :   6977 
Cell#152  602.9  149.3   000 :  
Cell#153  614.4  166.5   000 :  
Cell#154  614.4  106.2   003 :   898  6978  13707 
Cell#155  620.2  146.4   000 :  
Cell#156  637.4  109.1   000 :  
Cell#157  637.4  183.8   047 :   449  824  1059  1740  2053  2488  2870  3719  4170  4367  4807  4845  5022  5486  5715  6261  7104  7477  7868  8199  8791  8859  9272  9529  9766  10130  10583  11036  11192  11516  11530  12023  12297  12346  12700  13043  13596  13996  14744  15084  15668  15823  16480  16854  17146  17314  17699 
Cell#158  637.4  094.7   000 :  
Cell#159  637.4  137.8   000 :  
Cell#160  643.1  149.3   002 :   14727  16569 
Cell#161  646.0  126.3   000 :  
Cell#162  651.7  169.4   000 :  
Cell#163  651.7  114.8   000 :  
Cell#164  651.7  152.2   007 :   3300  3918  7267  10833  13098  13177  15302 
Cell#165  654.6  137.8   002 :   5087  14731 
Cell#166  660.4  149.3   002 :   3302  3916 
Cell#167  663.2  163.7   000 :  
Cell#168  666.1  109.1   000 :  
Cell#169  669.0  172.3   002 :   5995  11436 
Cell#170  669.0  140.7   000 :  
Cell#171  671.8  157.9   000 :  
Cell#172  674.7  201.0   000 :  
Cell#173  677.6  123.5   000 :  
Cell#174  680.4  143.6   000 :  
Cell#175  683.3  183.8   000 :  
Cell#176  689.1  195.2   000 :  
Cell#177  694.8  134.9   000 :  
Cell#178  700.5  175.1   001 :   3213 
Cell#179  714.9  180.9   000 :  
