Total No of Frames = 18000  (1 frame = 10 msec)

Cell No.   X      Y    N_Spikes  Frames
Cell#001  005.7  060.3   014 :   688  1912  2540  2969  5787  10400  10580  10663  12934  13821  14167  15230  15268  15404 
Cell#002  005.7  103.4   007 :   9876  10964  12199  13468  14044  14100  14979 
Cell#003  008.6  166.5   000 :  
Cell#004  020.1  051.7   014 :   689  1913  1950  2540  2968  5786  10579  12197  12931  13819  14166  15236  15266  15401 
Cell#005  020.1  120.6   005 :   688  2970  4150  10398  13476 
Cell#006  023.0  066.0   016 :   2162  4144  4397  4762  5786  7929  9274  10851  10982  11232  12178  13010  13088  13300  14168  15235 
Cell#007  025.8  077.5   045 :   649  687  1397  1949  2277  2293  2447  2463  2621  2856  3277  3407  3526  4052  4397  4743  4829  5006  5036  5735  5787  5937  6387  6703  6857  7113  7335  7639  7797  7870  7930  8277  8626  9325  9476  9870  10459  11711  12083  12180  14158  15002  15373  16334  16798 
Cell#008  034.5  157.9   000 :  
Cell#009  043.1  126.3   052 :   26  260  685  1648  1897  2050  2558  2980  3718  4100  4151  4450  5052  5432  5788  5948  6166  7112  7491  7521  7581  7932  8073  8201  8277  8569  8656  8780  8992  9241  9605  9947  10153  10340  10389  10963  11228  12190  12841  13089  13575  13671  14339  14458  14919  15001  16096  16650  16731  16868  17028  17160 
Cell#010  048.8  206.7   000 :  
Cell#011  048.8  166.5   000 :  
Cell#012  054.6  218.2   000 :  
Cell#013  057.4  129.2   000 :  
Cell#014  060.3  100.5   017 :   270  1700  6856  7205  7593  8294  8320  9411  9644  10400  10962  11232  11963  12194  12619  13473  13824 
Cell#015  063.2  186.6   001 :   12616 
Cell#016  063.2  163.7   001 :   2838 
Cell#017  066.0  223.9   000 :  
Cell#018  068.9  114.8   002 :   5787  12202 
Cell#019  068.9  074.6   009 :   2964  3793  4439  5058  5407  5786  10399  11233  13817 
Cell#020  077.5  241.2   000 :  
Cell#021  077.5  157.9   005 :   688  5047  12617  13473  14228 
Cell#022  083.3  091.9   038 :   2076  2773  3094  5792  8001  8034  8403  8498  8729  8751  8941  10211  10840  11700  12166  13088  14069  14087  14861  14931  15097  15122  15155  15244  15329  15503  15574  15728  15742  15947  16054  16191  16324  16733  16938  17651  17718  17881 
Cell#023  086.1  189.5   006 :   1681  2446  6181  7010  10394  17405 
Cell#024  089.0  166.5   004 :   1704  4450  14106  15005 
Cell#025  091.9  143.6   004 :   4508  4759  5789  6179 
Cell#026  097.6  123.5   020 :   59  4144  4508  5050  5451  5787  6100  6833  7591  7934  8287  8313  9409  9690  10115  10703  11634  12197  13088  17757 
Cell#027  103.4  137.8   000 :  
Cell#028  103.4  097.6   002 :   7930  16872 
Cell#029  109.1  178.0   009 :   2977  5384  6192  7602  7937  14246  15007  15462  16870 
Cell#030  112.0  221.1   001 :   4450 
Cell#031  114.8  114.8   006 :   5322  5339  5362  5376  9253  13089 
Cell#032  114.8  149.3   001 :   4451 
Cell#033  114.8  195.2   074 :   143  476  593  748  787  1182  1275  1380  1594  1652  1758  1833  2051  2630  2868  3003  3063  3549  3764  4010  4139  4367  4547  4868  5126  5303  5375  5641  5846  5943  6446  6497  6660  6696  6903  6923  7581  7930  8257  8453  9366  9431  9616  9937  10086  10210  10804  10952  11212  11273  11495  11611  11834  11921  12123  12479  12619  12702  12958  13792  13871  14013  14375  14893  14997  15176  15375  16242  16857  16920  16958  17183  17345  17829 
Cell#034  120.6  160.8   003 :   12200  13467  15450 
Cell#035  120.6  241.2   016 :   272  1457  1480  2776  4349  4411  5090  5808  6872  7221  7938  10375  12633  16521  17183  17654 
Cell#036  132.1  120.6   001 :   14108 
Cell#037  132.1  195.2   001 :   15458 
Cell#038  140.7  223.9   013 :   692  2097  3000  4037  5042  6181  7207  7594  7927  10398  12614  13087  13471 
Cell#039  146.4  134.9   000 :  
Cell#040  155.0  109.1   003 :   7207  11951  15460 
Cell#041  157.9  183.8   000 :  
Cell#042  163.7  226.8   014 :   1269  1813  2976  3389  4037  4142  5051  6183  6319  7837  7928  12613  13088  17640 
Cell#043  166.5  249.8   004 :   2976  6182  7207  13087 
Cell#044  180.9  284.2   001 :   4451 
Cell#045  183.8  261.3   001 :   4451 
Cell#046  183.8  241.2   022 :   60  686  1679  2295  3483  4003  5259  5382  6443  6618  7215  7929  8970  11699  12053  12111  12133  12173  12193  12204  12256  12308 
Cell#047  186.6  183.8   000 :  
Cell#048  186.6  206.7   000 :  
Cell#049  201.0  310.1   001 :   10398 
Cell#050  201.0  232.6   001 :   13821 
Cell#051  201.0  292.9   005 :   697  2191  2219  2526  2782 
Cell#052  203.8  203.8   001 :   13816 
Cell#053  206.7  272.8   000 :  
Cell#054  218.2  246.9   000 :  
Cell#055  218.2  189.5   002 :   4142  6180 
Cell#056  223.9  275.6   000 :  
Cell#057  226.8  324.4   007 :   5514  5950  6155  8676  9617  9804  10085 
Cell#058  246.9  272.8   010 :   1706  7586  8282  9693  10397  12617  13053  13376  13474  14737 
Cell#059  246.9  335.9   004 :   686  4152  5789  17171 
Cell#060  252.7  209.6   000 :  
Cell#061  252.7  292.9   003 :   687  7933  12612 
Cell#062  255.5  149.3   016 :   697  2302  3402  3496  3658  3822  6180  6464  7589  10610  10955  11209  12211  13088  14964  17182 
Cell#063  261.3  172.3   003 :   6182  12193  13811 
Cell#064  261.3  264.1   003 :   694  5789  10396 
Cell#065  278.5  298.6   004 :   1694  4151  5789  15005 
Cell#066  278.5  315.8   004 :   3800  4151  5791  13477 
Cell#067  278.5  264.1   007 :   3796  4146  5788  7934  10398  13086  13477 
Cell#068  292.9  281.4   011 :   694  1710  4148  4449  6178  6856  7206  7215  7929  10398  12621 
Cell#069  298.6  310.1   004 :   689  6858  7544  7573 
Cell#070  307.2  284.2   006 :   691  4449  4753  5788  6856  7216 
Cell#071  310.1  298.6   003 :   688  6856  7215 
Cell#072  315.8  318.7   000 :  
Cell#073  318.7  246.9   006 :   691  5790  6856  7215  7593  12618 
Cell#074  321.6  281.4   007 :   692  1709  4450  4754  5791  6855  12617 
Cell#075  335.9  235.4   001 :   5791 
Cell#076  338.8  290.0   006 :   690  4449  5790  6856  12201  13087 
Cell#077  344.5  321.6   001 :   4451 
Cell#078  350.3  275.6   010 :   689  4151  4453  5384  5790  7936  12200  12620  13090  15462 
Cell#079  358.9  198.1   001 :   15459 
Cell#080  367.5  310.1   005 :   4147  5788  6856  7216  7928 
Cell#081  373.2  333.0   004 :   4092  4149  4436  5062 
Cell#082  379.0  226.8   002 :   5790  6857 
Cell#083  387.6  310.1   015 :   4140  4444  4536  5487  5678  5756  6070  6177  7593  10403  10969  12616  13468  16192  17598 
Cell#084  399.1  244.0   006 :   5786  6858  7594  12618  13088  17167 
Cell#085  402.0  269.9   068 :   42  313  485  854  863  1432  1500  1519  2285  2312  2381  3140  3205  3454  3729  3829  4004  4075  4153  4185  4387  4510  5024  5120  5287  5633  5787  5940  6108  6266  6595  6854  6888  6894  7642  9323  10491  11271  11501  12069  12197  12401  12616  12680  12993  13191  13382  13594  13655  13816  13938  14218  14237  14522  14978  15245  15491  15520  15556  16184  16601  16732  16866  17110  17170  17353  17703  17857 
Cell#086  407.7  292.9   017 :   1519  3205  4077  4389  4513  5286  5788  6265  12196  12680  13087  13383  13594  15244  15491  17353  17702 
Cell#087  422.1  312.9   001 :   5788 
Cell#088  424.9  267.0   053 :   824  994  1076  1191  1869  2237  2422  2703  3255  3876  4034  4131  4504  4597  4819  4897  4936  5547  5857  6124  6242  6766  6855  6949  7215  7462  7721  8248  8591  8881  9457  9516  9617  9987  10320  10397  11306  11336  12100  12331  12576  12761  12897  13560  14506  14843  15149  15240  15441  16208  17046  17098  17930 
Cell#089  427.8  287.1   002 :   5786  6858 
Cell#090  445.0  321.6   000 :  
Cell#091  447.9  295.7   000 :  
Cell#092  453.6  229.7   001 :   4461 
Cell#093  459.4  335.9   000 :  
Cell#094  465.1  275.6   018 :   694  2240  2936  4134  4443  4744  5332  5787  6141  6176  7211  7929  9890  12201  13087  15458  17071  17170 
Cell#095  468.0  246.9   001 :   5788 
Cell#096  476.6  312.9   000 :  
Cell#097  476.6  212.5   004 :   1710  2969  6856  7594 
Cell#098  479.5  186.6   050 :   268  694  1452  2148  2775  3798  4150  4398  4449  4503  4596  4762  5074  5378  5789  6179  6459  6507  6856  7216  7594  7934  8319  8708  9089  9411  9892  10400  10705  10970  11235  11531  11964  12619  13089  13477  13824  14108  14243  14259  14720  14733  15006  15463  15870  16138  16518  16878  17171  17653 
Cell#099  488.1  249.8   003 :   5790  6856  15463 
Cell#100  499.6  258.4   006 :   688  5790  6179  6858  10397  13086 
Cell#101  508.2  284.2   002 :   5788  6853 
Cell#102  508.2  241.2   001 :   2978 
Cell#103  519.7  252.7   000 :  
Cell#104  528.3  298.6   000 :  
Cell#105  539.8  267.0   015 :   3795  4150  4450  4733  5369  5784  6148  6855  7221  7595  10399  13087  13474  14109  17646 
Cell#106  539.8  284.2   048 :   268  692  1452  2774  3799  4150  4402  4443  4503  4762  5074  5379  5791  6856  7215  7594  7929  8320  8708  9410  9893  10398  11236  11531  11965  12201  12617  13056  13074  13089  13172  13217  13229  13271  13296  13336  13477  13823  14108  14244  14720  15006  15460  15868  16518  16879  17170  17650 
Cell#107  545.5  241.2   002 :   4450  5788 
Cell#108  557.0  269.9   050 :   491  794  2133  2589  2693  5061  5269  5673  5688  5789  5995  6174  6187  6197  6390  6820  7032  7221  7577  8500  8653  8780  8958  8978  9375  9961  10027  10148  11067  11305  11426  11852  12200  12380  12643  12969  13606  14521  14651  14966  15404  15805  15852  16130  16796  16999  17326  17477  17912  17967 
Cell#109  559.9  252.7   002 :   7582  15441 
Cell#110  574.2  284.2   000 :  
Cell#111  580.0  246.9   001 :   7220 
Cell#112  585.7  175.1   000 :  
Cell#113  588.6  203.8   002 :   5788  10398 
Cell#114  597.2  189.5   006 :   4173  8316  8600  8715  9220  13798 
Cell#115  597.2  267.0   005 :   693  4132  5790  7218  10391 
Cell#116  605.8  212.5   009 :   4175  7207  8599  8714  9219  12617  13481  13798  15463 
Cell#117  614.4  232.6   002 :   693  7932 
Cell#118  614.4  198.1   019 :   2443  4140  5776  5899  6133  6173  7209  7448  8845  10217  12911  13065  13087  13477  13541  13822  14107  16247  17363 
Cell#119  625.9  244.0   001 :   693 
Cell#120  628.8  149.3   001 :   10387 
Cell#121  631.6  163.7   002 :   6177  6858 
Cell#122  637.4  117.7   003 :   4149  5786  6179 
Cell#123  646.0  223.9   000 :  
Cell#124  646.0  178.0   001 :   10955 
Cell#125  648.9  198.1   000 :  
Cell#126  654.6  120.6   027 :   268  670  691  1456  2773  2969  3801  5790  6854  7576  7594  7936  8086  8709  9090  9412  9895  10107  10400  10975  11244  12621  13089  14108  16517  16535  17652 
Cell#127  660.4  229.7   003 :   4438  6480  13853 
Cell#128  660.4  172.3   029 :   688  1181  1665  1840  1969  2385  2970  3724  3975  4848  5155  6160  6177  7212  7460  7905  9223  10267  11223  11343  11945  12617  13089  13814  14102  14167  14235  14563  14869 
Cell#129  666.1  152.2   008 :   4143  4448  5790  6860  7581  12209  13087  15463 
Cell#130  669.0  195.2   006 :   685  2969  3799  4151  13089  14101 
Cell#131  669.0  114.8   007 :   692  1710  2966  4445  5790  7592  7934 
Cell#132  671.8  166.5   008 :   4143  4446  5788  6855  7582  12207  13089  15460 
Cell#133  683.3  189.5   036 :   683  2033  2228  2304  2970  3176  3502  4136  4257  4346  4458  5495  7505  8112  8554  8814  8894  10347  10432  11220  11518  11712  12193  12625  12887  14028  14544  14997  15055  15701  15925  16144  16498  16871  17336  17580 
Cell#134  689.1  109.1   000 :  
Cell#135  689.1  126.3   000 :  
Cell#136  694.8  178.0   002 :   5787  7929 
Cell#137  723.5  152.2   005 :   3799  5788  6855  7935  13088 
