Total No of Frames = 18000  (1 frame = 10 msec)

Cell No.   X      Y    N_Spikes  Frames
Cell#001  037.3  178.0   000 :  
Cell#002  051.7  189.5   000 :  
Cell#003  054.6  212.5   000 :  
Cell#004  080.4  212.5   000 :  
Cell#005  089.0  183.8   000 :  
Cell#006  097.6  201.0   000 :  
Cell#007  112.0  206.7   000 :  
Cell#008  112.0  244.0   000 :  
Cell#009  114.8  172.3   014 :   29  2113  5173  6083  6318  8453  10951  13474  13991  14050  14172  14575  17356  17681 
Cell#010  126.3  238.3   000 :  
Cell#011  132.1  206.7   000 :  
Cell#012  137.8  246.9   000 :  
Cell#013  140.7  223.9   000 :  
Cell#014  155.0  229.7   003 :   5791  16315  16342 
Cell#015  160.8  183.8   000 :  
Cell#016  178.0  218.2   000 :  
Cell#017  180.9  238.3   000 :  
Cell#018  189.5  178.0   011 :   3055  3418  11819  12327  12369  12451  12499  12599  12645  12728  13748 
Cell#019  189.5  249.8   000 :  
Cell#020  195.2  229.7   000 :  
Cell#021  195.2  264.1   000 :  
Cell#022  201.0  189.5   000 :  
Cell#023  212.5  218.2   000 :  
Cell#024  212.5  198.1   000 :  
Cell#025  212.5  249.8   000 :  
Cell#026  218.2  264.1   001 :   11059 
Cell#027  226.8  189.5   000 :  
Cell#028  226.8  223.9   017 :   6941  7269  7889  8798  9177  9993  11589  12024  12613  12778  12873  14954  15130  16273  16665  17194  17939 
Cell#029  229.7  281.4   001 :   10713 
Cell#030  232.6  252.7   009 :   7266  10854  10910  10965  11037  11355  11802  15138  16278 
Cell#031  232.6  203.8   000 :  
Cell#032  241.2  264.1   000 :  
Cell#033  244.0  160.8   000 :  
Cell#034  244.0  192.4   000 :  
Cell#035  246.9  215.3   000 :  
Cell#036  252.7  292.9   000 :  
Cell#037  252.7  275.6   032 :   154  1086  1346  2077  2403  5068  5267  5942  6539  6672  7194  7479  7511  8740  8891  9243  9925  10025  10255  10504  13624  13640  13691  13754  14203  15800  16079  16251  16542  16577  16945  17090 
Cell#038  258.4  201.0   000 :  
Cell#039  261.3  246.9   022 :   2550  2601  2617  2739  2869  3053  3403  7774  10713  10768  11965  12109  12122  12139  12258  12409  12499  12564  12584  12770  12894  13274 
Cell#040  264.1  287.1   000 :  
Cell#041  269.9  232.6   000 :  
Cell#042  269.9  258.4   000 :  
Cell#043  275.6  215.3   000 :  
Cell#044  281.4  278.5   000 :  
Cell#045  287.1  223.9   000 :  
Cell#046  287.1  255.5   000 :  
Cell#047  298.6  275.6   018 :   99  1050  5943  6925  7773  8136  8293  8793  9847  11693  11962  12279  14447  14781  15019  15934  16503  17856 
Cell#048  298.6  246.9   040 :   170  483  501  924  1168  1388  1546  2119  2631  2750  2827  2924  3029  3157  3370  3909  4088  4424  4995  5372  5909  6027  6278  6508  7234  7479  7656  7798  7864  8437  8609  9423  9451  9791  10209  10444  10747  10819  10939  10990 
Cell#049  304.3  287.1   000 :  
Cell#050  307.2  206.7   000 :  
Cell#051  324.4  160.8   001 :   10165 
Cell#052  327.3  244.0   000 :  
Cell#053  333.0  189.5   003 :   283  5861  16625 
Cell#054  335.9  272.8   001 :   10712 
Cell#055  344.5  172.3   000 :  
Cell#056  344.5  238.3   000 :  
Cell#057  350.3  272.8   000 :  
Cell#058  353.1  186.6   000 :  
Cell#059  353.1  203.8   000 :  
Cell#060  364.6  218.2   000 :  
Cell#061  367.5  275.6   000 :  
Cell#062  373.2  246.9   000 :  
Cell#063  381.9  229.7   000 :  
Cell#064  384.7  206.7   000 :  
Cell#065  384.7  249.8   000 :  
Cell#066  384.7  275.6   010 :   735  879  5364  6911  7195  7554  9945  12336  12412  12448 
Cell#067  393.3  298.6   000 :  
Cell#068  396.2  249.8   004 :   2402  7264  14813  16582 
Cell#069  402.0  278.5   000 :  
Cell#070  404.8  229.7   010 :   169  311  1895  6557  10298  12545  13424  13504  13555  13748 
Cell#071  407.7  298.6   000 :  
Cell#072  416.3  267.0   005 :   7425  7650  16294  16448  16684 
Cell#073  422.1  172.3   000 :  
Cell#074  427.8  241.2   044 :   94  144  170  195  463  1044  4770  4880  5021  5323  5384  5524  5996  6079  6273  6434  6601  7018  7066  7138  7288  7389  10299  10448  10623  12547  12576  13321  13391  13433  13523  13621  13730  13800  13975  15944  16176  16231  16296  17005  17196  17248  17442  17641 
Cell#075  433.5  252.7   001 :   7388 
Cell#076  436.4  172.3   002 :   11962  11990 
Cell#077  436.4  186.6   001 :   9842 
Cell#078  439.3  218.2   000 :  
Cell#079  445.0  275.6   000 :  
Cell#080  453.6  206.7   008 :   4262  5771  6147  6672  7129  10155  16158  16494 
Cell#081  456.5  258.4   024 :   319  532  893  1016  1375  4003  4122  4292  4786  4924  6088  6965  7020  7154  13260  13573  13696  13861  14182  14388  16364  16542  16632  16697 
Cell#082  459.4  246.9   000 :  
Cell#083  465.1  195.2   000 :  
Cell#084  470.9  238.3   000 :  
Cell#085  479.5  264.1   000 :  
Cell#086  479.5  169.4   000 :  
Cell#087  485.2  218.2   000 :  
Cell#088  493.8  146.4   001 :   16700 
Cell#089  496.7  112.0   000 :  
Cell#090  499.6  178.0   000 :  
Cell#091  502.4  235.4   011 :   307  515  735  1158  1690  3647  8105  13005  13132  16466  16608 
Cell#092  511.1  218.2   006 :   3323  3580  7775  11693  12873  13591 
Cell#093  519.7  206.7   004 :   3575  7773  12873  13606 
Cell#094  528.3  169.4   003 :   1276  1386  5836 
Cell#095  528.3  189.5   000 :  
Cell#096  534.0  152.2   000 :  
Cell#097  534.0  241.2   000 :  
Cell#098  534.0  255.5   000 :  
Cell#099  534.0  223.9   004 :   2197  2557  3550  13193 
Cell#100  534.0  114.8   007 :   520  1950  7035  8580  12873  13705  13906 
Cell#101  539.8  166.5   000 :  
Cell#102  545.5  134.9   000 :  
Cell#103  557.0  229.7   000 :  
Cell#104  559.9  212.5   006 :   695  3762  3932  4048  5081  13793 
Cell#105  559.9  109.1   000 :  
Cell#106  562.7  186.6   000 :  
Cell#107  568.5  238.3   002 :   5602  6769 
Cell#108  577.1  212.5   000 :  
Cell#109  577.1  155.0   000 :  
Cell#110  580.0  186.6   001 :   4697 
Cell#111  582.8  229.7   000 :  
Cell#112  585.7  129.2   000 :  
Cell#113  585.7  264.1   004 :   560  4589  4692  5635 
Cell#114  591.4  246.9   013 :   413  483  596  3398  4944  5400  5426  5530  5575  5709  12736  12995  13751 
Cell#115  591.4  166.5   000 :  
Cell#116  594.3  226.8   010 :   1743  2110  2267  8496  13069  13142  13601  15616  15764  17557 
Cell#117  597.2  143.6   000 :  
Cell#118  602.9  218.2   000 :  
Cell#119  605.8  252.7   000 :  
Cell#120  620.2  244.0   001 :   11969 
Cell#121  631.6  120.6   004 :   12328  12390  12487  13161 
Cell#122  631.6  169.4   000 :  
Cell#123  634.5  189.5   000 :  
Cell#124  637.4  209.6   000 :  
Cell#125  643.1  134.9   001 :   9918 
Cell#126  643.1  186.6   000 :  
Cell#127  648.9  175.1   000 :  
Cell#128  654.6  106.2   002 :   7722  15797 
Cell#129  666.1  132.1   000 :  
Cell#130  674.7  180.9   000 :  
Cell#131  686.2  126.3   000 :  
Cell#132  689.1  172.3   016 :   438  601  734  850  1369  1478  5654  7115  7937  8289  8574  8631  8724  9311  11356  15899 
Cell#133  706.3  143.6   000 :  
Cell#134  714.9  157.9   000 :  
