Total No of Frames = 18000  (1 frame = 10 msec)

Cell No.   X      Y    N_Spikes  Frames
Cell#001  005.7  155.0   003 :   219  351  388 
Cell#002  008.6  091.9   022 :   79  229  341  388  668  1426  2061  2931  3012  3255  3548  4025  4391  6263  6562  6832  8534  8686  11140  13105  13518  17025 
Cell#003  008.6  063.2   010 :   378  388  1423  2044  2062  2240  4640  6562  6833  13105 
Cell#004  014.4  117.7   005 :   389  2060  4024  6562  17022 
Cell#005  020.1  226.8   015 :   379  388  806  1399  1426  1892  2246  4636  5043  5208  8538  10616  13083  13104  15856 
Cell#006  020.1  068.9   018 :   357  389  1112  2062  2513  3106  3470  3779  4638  4979  6145  6524  7380  8796  9466  10607  16167  17463 
Cell#007  023.0  189.5   002 :   389  2061 
Cell#008  023.0  155.0   010 :   265  375  389  1880  2052  2239  6819  8537  13086  13790 
Cell#009  028.7  112.0   014 :   388  1424  1636  1885  2018  2146  2213  2238  2431  2609  2676  2862  6823  10614 
Cell#010  028.7  037.3   005 :   389  801  883  1389  1424 
Cell#011  031.6  077.5   003 :   388  1430  6831 
Cell#012  031.6  218.2   005 :   113  313  388  6832  16357 
Cell#013  034.5  051.7   053 :   389  700  1216  1426  1666  1805  2062  2238  2466  3153  3505  4024  4390  4586  5258  5486  5668  5878  6162  6562  6832  7072  7416  7861  8049  8071  8647  9304  9475  10050  10506  10639  11044  11270  11412  11790  12076  12557  12930  12953  13105  13521  14285  14306  14540  14570  15013  15457  16359  17024  17566  17582  17878 
Cell#014  034.5  100.5   002 :   388  6831 
Cell#015  040.2  063.2   061 :   2  60  175  266  369  388  487  545  624  759  885  959  1152  2261  2561  2840  3002  3265  3465  3656  3832  3995  4222  4637  4878  5189  5493  5757  6236  6407  6650  6771  6963  7037  7195  7314  8329  8395  8539  9159  9287  9683  9986  10608  10640  10926  11126  11411  11502  11618  14150  14387  14506  14613  14684  14825  15081  15295  17067  17334  17977 
Cell#016  040.2  166.5   015 :   378  388  2059  6561  7862  9608  9791  10639  11045  11094  12556  13105  15455  15951  17025 
Cell#017  040.2  206.7   008 :   389  1069  1428  2059  2238  2644  2952  3370 
Cell#018  040.2  040.2   001 :   388 
Cell#019  043.1  152.2   001 :   390 
Cell#020  045.9  126.3   003 :   374  388  2632 
Cell#021  051.7  017.2   020 :   232  291  389  1064  1396  1414  1886  2045  2249  2641  2716  4260  4642  5657  6078  6828  7803  8542  10615  11630 
Cell#022  051.7  028.7   006 :   229  293  388  2715  4259  4642 
Cell#023  054.6  068.9   001 :   389 
Cell#024  054.6  089.0   004 :   389  2174  2235  2408 
Cell#025  066.0  054.6   002 :   389  10508 
Cell#026  066.0  086.1   009 :   389  1085  1426  2054  2260  3000  4641  4846  10613 
Cell#027  068.9  112.0   034 :   388  1428  2062  2243  3279  4633  5669  6561  6832  7130  7520  7570  7785  7864  8002  8546  8931  10507  12462  12556  13105  13506  13519  14007  14428  14698  15013  16007  16228  16431  16657  17026  17473  17864 
Cell#028  068.9  146.4   003 :   389  9972  17439 
Cell#029  074.6  068.9   006 :   389  4014  6829  10504  10640  13106 
Cell#030  074.6  126.3   006 :   388  4632  6818  10613  14847  15159 
Cell#031  077.5  045.9   002 :   389  4639 
Cell#032  080.4  091.9   039 :   5  295  388  574  732  1663  2062  2348  2466  3158  3199  3388  3705  3858  4390  4435  4488  4586  5015  5039  5079  5223  5254  6162  6831  7419  8649  9302  9408  11410  11787  12997  13598  13751  13768  13882  14541  15359  16361 
Cell#033  080.4  031.6   001 :   388 
Cell#034  086.1  169.4   001 :   387 
Cell#035  091.9  048.8   001 :   389 
Cell#036  091.9  083.3   035 :   388  508  670  733  931  1132  1315  1901  2062  2302  3854  4409  4643  5256  6830  9108  10613  10973  11194  11229  11272  11575  12042  13105  13166  13188  13858  13911  15049  15165  15258  15723  17020  17874  17979 
Cell#037  097.6  034.5   004 :   389  10582  13782  17997 
Cell#038  097.6  114.8   004 :   389  866  4636  6833 
Cell#039  100.5  066.0   001 :   388 
Cell#040  106.2  132.1   018 :   389  1881  2052  2248  4638  4826  5008  5087  5201  5320  5429  5536  5655  5780  5821  6035  14761  14784 
Cell#041  109.1  040.2   014 :   375  389  756  874  939  1032  1161  1412  2176  7827  10950  11649  12804  17065 
Cell#042  114.8  014.4   011 :   120  306  390  2038  2062  2634  2949  3378  10908  13105  17423 
Cell#043  117.7  149.3   003 :   388  2061  4639 
Cell#044  123.5  132.1   001 :   389 
Cell#045  126.3  023.0   002 :   389  2061 
Cell#046  129.2  117.7   001 :   388 
Cell#047  129.2  060.3   030 :   389  1426  1829  2010  2052  2210  2259  2420  2672  4593  4637  5078  5449  5912  6822  8542  10228  10377  10613  11067  11286  12939  13091  13105  13169  13544  14323  14555  14989  15475 
Cell#048  132.1  091.9   001 :   389 
Cell#049  137.8  025.8   014 :   314  380  388  774  1428  2018  2063  2155  2312  4644  6831  9368  16902  17616 
Cell#050  137.8  172.3   001 :   388 
Cell#051  143.6  091.9   011 :   389  1801  2228  3273  3460  3623  3813  3926  4016  10457  13168 
Cell#052  143.6  129.2   001 :   388 
Cell#053  149.3  045.9   009 :   2  389  2046  5179  10615  11823  13263  13626  13791 
Cell#054  149.3  020.1   001 :   389 
Cell#055  155.0  005.7   001 :   389 
Cell#056  160.8  043.1   001 :   389 
Cell#057  166.5  086.1   003 :   48  389  14615 
Cell#058  172.3  028.7   009 :   389  969  1662  2656  2763  3146  3501  3810  12284 
Cell#059  178.0  045.9   060 :   388  1203  2253  3185  3261  3351  3529  3743  3947  4045  4195  4315  4432  4551  4637  5079  5300  5763  5913  6010  6186  6248  6832  7144  8110  8546  8670  9499  10218  10536  11299  11432  11707  11864  11969  12035  12101  12243  12327  12465  12570  12691  12798  12954  13048  13132  13192  13246  13339  13484  13685  14152  14329  14569  14707  14989  15083  15174  15334  15568 
Cell#060  183.8  080.4   010 :   253  388  1881  3451  3720  4643  8253  10128  10683  12694 
Cell#061  192.4  060.3   001 :   387 
Cell#062  201.0  014.4   009 :   388  1828  1878  1999  2063  2211  2239  2391  15158 
Cell#063  206.7  028.7   016 :   379  390  1676  1826  1880  2064  2121  2242  3539  6834  8544  12636  13087  13178  13395  15167 
Cell#064  212.5  014.4   022 :   110  200  281  388  662  778  1423  1634  1809  1825  1969  1987  2147  2216  2392  2561  3398  6089  6815  10627  13080  15159 
Cell#065  212.5  126.3   017 :   92  389  1024  2258  4009  4641  4906  5519  5808  6809  8317  8541  8969  10576  10803  14305  15243 
Cell#066  218.2  060.3   034 :   268  388  1426  1865  2032  2244  2457  3720  4640  5051  5284  5303  5519  5898  6178  6223  6351  6552  6686  6819  6980  8098  8541  10039  10612  10844  11287  11567  11808  12108  13089  15620  15881  16179 
Cell#067  221.1  037.3   022 :   389  1398  1835  1985  2132  2237  2359  3720  4198  4638  6678  6816  8540  10397  10612  11445  11757  13089  13148  13387  13543  13860 
Cell#068  223.9  100.5   005 :   388  794  6820  10613  12218 
Cell#069  229.7  023.0   001 :   389 
Cell#070  229.7  068.9   005 :   388  1876  3556  10639  17024 
Cell#071  246.9  112.0   011 :   389  1852  2235  4637  6826  7211  7670  10615  11422  11672  17180 
Cell#072  249.8  063.2   001 :   388 
Cell#073  258.4  086.1   019 :   386  1409  1990  2036  2247  3235  4837  6001  6826  7440  7799  8542  10407  10620  10982  10999  11681  15286  15618 
Cell#074  261.3  017.2   017 :   389  2243  2470  3523  3950  5484  5701  5880  6907  7418  10823  12083  12315  12563  13078  13408  17879 
Cell#075  272.8  109.1   002 :   388  17022 
Cell#076  275.6  086.1   004 :   389  4645  6816  17025 
Cell#077  275.6  017.2   028 :   281  374  600  1893  2042  2063  2447  2585  3365  3607  3733  4144  4640  4734  5390  5831  6203  6820  10614  11361  11516  11537  11825  12042  13072  14702  15296  17709 
Cell#078  284.2  114.8   001 :   389 
Cell#079  290.0  077.5   001 :   388 
Cell#080  290.0  054.6   010 :   230  389  5911  6820  8858  9142  9545  10076  12658  17616 
Cell#081  295.7  023.0   002 :   389  2044 
Cell#082  298.6  040.2   039 :   389  1425  1850  2041  2238  2737  4640  5909  6464  6627  6822  8538  9306  9533  10076  10504  10552  10613  11056  11444  12657  12687  12876  13093  13104  13416  13524  13994  14175  14307  14629  15139  15591  15784  16382  16663  17122  17616  17928 
Cell#083  304.3  086.1   004 :   388  1882  2735  7630 
Cell#084  304.3  126.3   011 :   375  390  1423  1872  2012  2052  2231  4116  4641  6817  10614 
Cell#085  310.1  031.6   014 :   389  1423  2040  2061  2118  2242  4638  6459  6824  11052  13093  13990  15138  17619 
Cell#086  312.9  134.9   009 :   390  657  1155  1423  2229  7592  12128  12617  12803 
Cell#087  327.3  045.9   010 :   388  678  749  1427  2039  2062  2242  10615  10858  13081 
Cell#088  330.2  020.1   027 :   199  219  368  388  533  572  637  877  1151  1426  1660  2039  2593  2691  3671  3726  3948  4333  4977  6807  7604  9743  11269  12373  15905  16993  17747 
Cell#089  333.0  091.9   001 :   389 
Cell#090  333.0  005.7   001 :   388 
Cell#091  338.8  040.2   013 :   387  807  921  1027  1137  1186  1342  1559  1812  1831  1849  1882  10627 
Cell#092  341.7  103.4   001 :   388 
Cell#093  350.3  017.2   014 :   370  389  536  672  1424  2038  2232  2249  2918  3115  3375  3477  3899  10615 
Cell#094  350.3  112.0   001 :   388 
Cell#095  350.3  040.2   044 :   370  389  598  673  1080  1642  1885  2038  2258  3666  3777  3941  4179  5001  6078  6451  6815  8171  8550  9134  9210  9543  9703  9974  10615  10845  11715  12471  13083  13183  13230  13404  13513  13636  13793  13824  13925  14092  14100  14335  14493  16024  16125  17421 
Cell#096  353.1  132.1   001 :   388 
Cell#097  356.0  063.2   001 :   388 
Cell#098  358.9  074.6   004 :   389  1423  4638  6829 
Cell#099  361.8  091.9   001 :   389 
Cell#100  364.6  031.6   018 :   322  375  389  1037  1426  1879  2021  2041  2063  2242  4637  6310  8540  10830  12420  13088  14423  17174 
Cell#101  373.2  045.9   003 :   370  390  1425 
Cell#102  376.1  011.5   004 :   389  799  2040  2839 
Cell#103  381.9  117.7   018 :   389  1422  2027  2042  2061  2238  4637  5321  6563  6822  8539  11077  11791  13088  13785  16398  16954  17457 
Cell#104  384.7  086.1   001 :   388 
Cell#105  396.2  045.9   015 :   388  1424  1885  2043  2058  2244  4640  6562  6833  7863  8540  10613  13088  13103  17024 
Cell#106  399.1  120.6   002 :   389  4641 
Cell#107  402.0  025.8   070 :   377  388  1423  1784  1872  1989  2043  2061  3374  3748  4009  4207  4813  4978  5826  6045  6089  6155  6230  6246  6296  6368  6405  6431  6486  6530  6561  6596  6772  6811  7054  7306  9383  9829  9864  9888  9908  9978  9993  10064  10101  10188  10287  10350  10438  10697  10793  11091  11559  11674  11731  11832  11887  12010  12120  12244  12303  12424  12628  12852  13067  13086  14908  15030  15091  15215  15601  15778  16984  17023 
Cell#108  413.4  048.8   015 :   389  1393  1424  1695  1825  1877  2026  2155  2362  2621  2842  6832  8297  10912  17422 
Cell#109  413.4  089.0   003 :   389  1418  17025 
Cell#110  419.2  034.5   023 :   306  389  1392  1424  1690  1826  1874  2025  2060  2117  2156  2360  2511  2615  2845  6832  8295  8482  10911  12765  14475  17026  17422 
Cell#111  419.2  143.6   001 :   389 
Cell#112  422.1  025.8   021 :   306  389  1393  1423  1693  1827  1877  2026  2121  2149  2359  2511  2618  2690  2844  8295  8482  8718  10912  13849  17421 
Cell#113  427.8  043.1   123 :   335  389  797  1354  1424  1893  2060  2239  2562  2629  2900  3053  3068  3248  3566  3699  3736  3826  3960  4008  4060  4155  4253  4339  4407  4492  4635  4747  4937  5106  5395  5560  5669  5763  6071  6123  6303  6424  6632  6740  6818  6832  6900  7059  7557  7584  7739  7822  7906  7983  8022  8221  8249  8258  8435  8541  8815  8923  9407  9525  9637  9891  9915  10126  10207  10260  10299  10398  10571  10611  10853  10926  10998  11099  11182  11448  11474  11575  11627  11923  12035  12158  12263  12382  12493  12586  12632  12743  12798  12861  12888  13024  13035  13102  13350  13508  13574  13710  13861  14005  14131  14317  14477  14618  14867  15196  15386  15592  16217  16320  16469  16729  16912  16982  17024  17120  17253  17372  17496  17629  17729  17771  17932 
Cell#114  436.4  034.5   048 :   388  546  1149  1426  1880  1952  2060  2241  2284  2458  2770  3919  4357  4585  5443  6553  6617  6730  6830  7959  9116  9287  9792  10041  10473  10507  10609  11039  11366  11609  11790  12113  12192  12286  12928  13061  13101  13290  13434  13520  13756  13996  15444  15685  16356  16577  17024  17301 
Cell#115  436.4  048.8   006 :   387  1424  2062  2462  2768  17019 
Cell#116  442.1  114.8   001 :   389 
Cell#117  445.0  134.9   001 :   389 
Cell#118  447.9  048.8   004 :   389  1426  2063  10615 
Cell#119  462.2  040.2   001 :   389 
Cell#120  465.1  114.8   002 :   388  1421 
Cell#121  470.9  063.2   028 :   246  388  1424  1789  1851  1870  2063  2239  4024  4292  4583  4637  5049  5114  5666  6120  6151  6249  6816  8433  9302  9472  10265  10356  10615  11462  13003  13090 
Cell#122  476.6  051.7   014 :   387  1424  1790  1851  1876  2241  4290  4585  4635  5049  6249  6813  10613  13091 
Cell#123  482.3  040.2   002 :   389  1424 
Cell#124  488.1  066.0   019 :   388  1423  1872  2015  2038  2061  2244  3673  4511  4637  5007  6561  6833  8539  10432  10613  12373  12501  17025 
Cell#125  499.6  080.4   008 :   389  1424  2062  6562  6832  8538  13105  17025 
Cell#126  499.6  057.4   059 :   331  377  389  1423  1873  1950  2014  2039  2060  2241  2419  2468  3673  3967  4508  4638  5007  5234  5327  5550  5890  6560  6833  7056  8315  8374  8508  8541  8655  8946  9780  10051  10265  10434  10613  10742  11228  11272  11999  12056  12370  12505  12689  12711  12923  13105  13656  13756  13793  14026  14670  15235  15362  15455  15532  16230  16367  17023  17301 
Cell#127  516.8  080.4   006 :   378  389  1426  2061  6831  17026 
Cell#128  519.7  100.5   013 :   389  1426  1968  2043  2062  2323  2491  6411  6833  9473  9554  13105  17025 
Cell#129  525.4  117.7   001 :   389 
Cell#130  528.3  063.2   010 :   373  388  1422  1881  2045  2060  4641  6820  13089  13104 
Cell#131  528.3  080.4   012 :   376  389  1424  2043  2062  6563  6833  9474  10640  13105  15015  17023 
Cell#132  531.2  155.0   011 :   388  2038  2065  5843  6935  7107  8417  8539  10676  16809  17024 
Cell#133  534.0  166.5   021 :   389  1419  1804  1881  2035  2052  2240  2258  2493  4636  6815  8536  8663  9074  10614  11000  11067  11434  13088  16392  16868 
Cell#134  539.8  114.8   015 :   377  1424  1686  1875  2044  2239  4633  6820  8333  8535  10609  13089  13104  16854  17336 
Cell#135  542.6  192.4   007 :   389  809  2062  6366  6830  11029  16627 
Cell#136  545.5  048.8   008 :   378  389  1426  1661  2042  2062  2150  13281 
Cell#137  551.3  071.8   011 :   389  1873  2043  2062  2241  3233  6184  6368  6569  6829  14334 
Cell#138  557.0  140.7   002 :   388  2062 
Cell#139  557.0  057.4   008 :   389  1872  2042  2062  3234  6182  6367  14334 
Cell#140  562.7  086.1   001 :   389 
Cell#141  562.7  120.6   023 :   388  1864  2060  2144  2853  3388  3551  9530  10103  13048  13086  13106  13430  13814  14664  15552  15657  16028  16105  16197  16352  17025  17950 
Cell#142  574.2  106.2   004 :   389  545  1874  4486 
Cell#143  580.0  178.0   004 :   389  1426  2063  2239 
Cell#144  585.7  103.4   018 :   371  388  585  906  1417  1678  1789  2037  2241  2901  3110  3351  3644  4637  5126  6813  13104  14830 
Cell#145  591.4  080.4   015 :   389  2130  2297  2610  4635  5303  5733  6613  7957  9124  10611  13058  13089  13560  15863 
Cell#146  591.4  166.5   021 :   389  1423  1807  1881  2040  2239  3768  4026  4491  4606  4629  4643  5886  6821  8536  10640  13063  13086  13523  14305  15663 
Cell#147  591.4  132.1   018 :   22  93  256  348  389  711  4616  4645  5287  5457  6730  7024  7422  7936  8110  10592  10614  14327 
Cell#148  600.1  097.6   001 :   389 
Cell#149  605.8  120.6   001 :   389 
Cell#150  608.7  175.1   001 :   389 
Cell#151  608.7  132.1   018 :   378  389  1426  1873  2037  2241  2486  2889  4601  4641  6563  6818  10070  10607  11047  13082  13105  15088 
Cell#152  623.0  114.8   007 :   389  1813  4498  5307  8729  15858  16437 
Cell#153  625.9  143.6   011 :   368  389  625  1188  1804  1867  2032  2239  3371  3522  16076 
Cell#154  631.6  103.4   002 :   389  8729 
Cell#155  637.4  169.4   025 :   389  1428  1735  9374  9475  10638  10752  11098  11219  11368  11512  11887  11976  12263  13040  13087  13104  13662  14182  14915  15014  15725  16304  16471  16521 
Cell#156  646.0  157.9   026 :   12  386  1423  3984  5309  7434  8405  9246  10142  10496  10524  12028  12333  13214  13613  13957  14163  14501  14573  15075  15202  15463  16406  17060  17352  17580 
Cell#157  648.9  143.6   004 :   388  807  1677  17354 
Cell#158  663.2  123.5   001 :   389 
Cell#159  683.3  166.5   001 :   388 
Cell#160  689.1  143.6   006 :   379  390  615  1428  3010  3707 
