Total No of Frames = 18000  (1 frame = 10 msec)

Cell No.   X      Y    N_Spikes  Frames
Cell#001  011.5  189.5   000 :  
Cell#002  023.0  172.3   005 :   112  224  13673  15321  17279 
Cell#003  025.8  189.5   000 :  
Cell#004  025.8  068.9   000 :  
Cell#005  031.6  117.7   000 :  
Cell#006  031.6  160.8   000 :  
Cell#007  034.5  209.6   005 :   8682  8750  8884  8947  16978 
Cell#008  040.2  149.3   000 :  
Cell#009  045.9  195.2   003 :   11702  17273  17505 
Cell#010  045.9  068.9   000 :  
Cell#011  051.7  175.1   004 :   4783  7513  8962  11729 
Cell#012  054.6  123.5   001 :   4635 
Cell#013  057.4  149.3   000 :  
Cell#014  057.4  063.2   000 :  
Cell#015  060.3  166.5   022 :   1114  1456  1533  3019  6036  7376  8085  8200  8506  9061  10856  13209  13514  13583  15314  15367  15741  15764  17078  17112  17194  17272 
Cell#016  063.2  094.7   000 :  
Cell#017  068.9  140.7   008 :   1000  1349  1440  2889  7652  10110  10964  13818 
Cell#018  077.5  120.6   003 :   3805  15709  15767 
Cell#019  077.5  077.5   000 :  
Cell#020  080.4  103.4   000 :  
Cell#021  083.3  089.0   000 :  
Cell#022  086.1  137.8   000 :  
Cell#023  097.6  094.7   003 :   583  3274  4457 
Cell#024  103.4  051.7   000 :  
Cell#025  109.1  063.2   000 :  
Cell#026  120.6  074.6   000 :  
Cell#027  123.5  132.1   002 :   16271  16336 
Cell#028  129.2  114.8   005 :   11677  11779  12531  16271  16335 
Cell#029  132.1  074.6   000 :  
Cell#030  146.4  112.0   001 :   12571 
Cell#031  149.3  097.6   002 :   828  5921 
Cell#032  152.2  134.9   000 :  
Cell#033  155.0  051.7   001 :   2225 
Cell#034  160.8  143.6   000 :  
Cell#035  160.8  120.6   000 :  
Cell#036  166.5  063.2   000 :  
Cell#037  166.5  045.9   000 :  
Cell#038  166.5  109.1   004 :   9987  10064  15050  16037 
Cell#039  172.3  057.4   000 :  
Cell#040  178.0  109.1   011 :   4335  5742  5808  5861  5924  6016  9986  10064  11547  15051  16035 
Cell#041  178.0  123.5   002 :   6080  16882 
Cell#042  183.8  080.4   003 :   14758  14958  15459 
Cell#043  183.8  051.7   007 :   2229  2632  2715  7833  9530  13669  13763 
Cell#044  189.5  063.2   017 :   2230  2549  2652  2734  2865  3066  7383  7463  7588  7605  14130  14180  17203  17324  17409  17484  17587 
Cell#045  203.8  045.9   004 :   12594  12712  12945  14974 
Cell#046  203.8  028.7   000 :  
Cell#047  209.6  063.2   000 :  
Cell#048  215.3  097.6   001 :   730 
Cell#049  221.1  080.4   001 :   12015 
Cell#050  221.1  051.7   000 :  
Cell#051  221.1  034.5   001 :   9202 
Cell#052  229.7  071.8   000 :  
Cell#053  229.7  028.7   000 :  
Cell#054  232.6  089.0   001 :   1024 
Cell#055  241.2  074.6   002 :   560  8168 
Cell#056  244.0  063.2   000 :  
Cell#057  249.8  083.3   002 :   560  8164 
Cell#058  252.7  103.4   000 :  
Cell#059  264.1  071.8   003 :   3161  10221  13204 
Cell#060  269.9  060.3   001 :   6708 
Cell#061  278.5  017.2   000 :  
Cell#062  281.4  103.4   001 :   4121 
Cell#063  281.4  051.7   002 :   5389  5619 
Cell#064  281.4  086.1   002 :   5565  5619 
Cell#065  284.2  034.5   000 :  
Cell#066  287.1  063.2   000 :  
Cell#067  290.0  077.5   001 :   1878 
Cell#068  292.9  117.7   005 :   2202  2736  2845  3179  16399 
Cell#069  292.9  048.8   003 :   10108  10314  12623 
Cell#070  301.5  040.2   000 :  
Cell#071  304.3  051.7   001 :   10313 
Cell#072  304.3  109.1   000 :  
Cell#073  304.3  066.0   006 :   5013  8277  8340  15459  16864  16968 
Cell#074  315.8  129.2   002 :   4164  4274 
Cell#075  318.7  097.6   000 :  
Cell#076  321.6  086.1   015 :   1069  2808  4719  6684  7342  7527  8366  10195  10969  13945  15120  15245  16319  16601  16623 
Cell#077  324.4  040.2   002 :   14464  16758 
Cell#078  324.4  109.1   005 :   2795  3746  3974  10129  10746 
Cell#079  327.3  068.9   000 :  
Cell#080  333.0  083.3   001 :   1745 
Cell#081  335.9  103.4   000 :  
Cell#082  335.9  126.3   000 :  
Cell#083  347.4  149.3   001 :   13659 
Cell#084  353.1  123.5   002 :   13081  14499 
Cell#085  356.0  031.6   000 :  
Cell#086  358.9  066.0   001 :   13677 
Cell#087  367.5  137.8   001 :   12550 
Cell#088  370.4  109.1   000 :  
Cell#089  379.0  034.5   000 :  
Cell#090  379.0  068.9   002 :   13587  13661 
Cell#091  381.9  123.5   000 :  
Cell#092  390.5  103.4   000 :  
Cell#093  404.8  126.3   000 :  
Cell#094  404.8  071.8   000 :  
Cell#095  407.7  025.8   000 :  
Cell#096  407.7  040.2   000 :  
Cell#097  413.4  054.6   000 :  
Cell#098  413.4  100.5   000 :  
Cell#099  419.2  071.8   002 :   4973  10143 
Cell#100  430.7  134.9   001 :   105 
Cell#101  436.4  048.8   000 :  
Cell#102  442.1  103.4   008 :   10139  10619  14928  15011  15074  15219  15479  15543 
Cell#103  442.1  086.1   008 :   224  3023  3756  4534  10136  10335  11903  13795 
Cell#104  450.8  149.3   001 :   12455 
Cell#105  450.8  114.8   000 :  
Cell#106  450.8  066.0   000 :  
Cell#107  453.6  051.7   000 :  
Cell#108  453.6  077.5   000 :  
Cell#109  462.2  068.9   000 :  
Cell#110  473.7  051.7   000 :  
Cell#111  491.0  086.1   001 :   1320 
Cell#112  491.0  057.4   004 :   455  6887  6948  7056 
Cell#113  493.8  071.8   005 :   455  1319  6886  6946  7056 
Cell#114  502.4  100.5   052 :   567  685  832  943  1152  1211  1667  1959  2460  3298  3419  4223  4375  4468  4560  4762  5026  5483  5768  6051  8333  8616  9168  9291  9519  10527  11532  11588  11877  11962  12031  13076  13257  13789  14609  14779  15264  15463  15633  15754  15798  16162  16206  16342  16389  16496  16545  16773  16876  16978  17792  17901 
Cell#115  511.1  086.1   008 :   911  1162  1997  3406  7010  9079  9290  13342 
Cell#116  516.8  149.3   005 :   195  7127  9895  16426  16884 
Cell#117  534.0  083.3   000 :  
Cell#118  536.9  137.8   001 :   13821 
Cell#119  542.6  114.8   013 :   776  4485  14812  14918  14978  15029  15159  15269  15534  15760  15787  15945  16909 
Cell#120  551.3  080.4   000 :  
Cell#121  551.3  132.1   014 :   993  1022  5449  7655  10856  12637  12939  13725  13820  13963  14368  15920  17375  17662 
Cell#122  551.3  097.6   000 :  
Cell#123  557.0  063.2   001 :   10308 
Cell#124  562.7  120.6   025 :   78  150  197  1195  1401  2168  2632  3470  3556  4582  4785  5307  5887  6781  6817  6836  6860  6895  6968  7378  12594  17194  17249  17555  17701 
Cell#125  562.7  103.4   000 :  
Cell#126  568.5  080.4   000 :  
Cell#127  571.3  137.8   009 :   2999  3926  4531  9010  9146  10307  11421  13579  14867 
Cell#128  580.0  103.4   001 :   10111 
Cell#129  597.2  126.3   004 :   36  5597  10130  10670 
Cell#130  597.2  103.4   027 :   526  911  1211  1760  2097  3003  4028  4495  5530  6388  7605  9008  9145  10236  10859  11410  12290  13011  13561  13582  13792  14833  14865  14902  15750  16800  17805 
Cell#131  600.1  071.8   000 :  
Cell#132  608.7  080.4   000 :  
Cell#133  608.7  117.7   002 :   2810  10115 
Cell#134  623.0  068.9   000 :  
Cell#135  623.0  097.6   001 :   12731 
Cell#136  640.3  137.8   000 :  
Cell#137  640.3  077.5   000 :  
Cell#138  643.1  114.8   000 :  
Cell#139  660.4  100.5   000 :  
Cell#140  669.0  137.8   048 :   250  424  529  1562  1754  1888  1964  2558  2920  3092  3371  3582  4640  5031  6139  6524  6578  7428  7665  7916  8007  8721  9159  9267  9689  9825  10095  10162  10371  10846  11572  11778  12528  12541  13515  13634  13853  14278  14695  15651  16029  16620  16725  16775  16821  17310  17386  17937 
Cell#141  674.7  097.6   000 :  
Cell#142  677.6  112.0   000 :  
Cell#143  683.3  126.3   000 :  
Cell#144  689.1  091.9   000 :  
Cell#145  694.8  137.8   000 :  
Cell#146  694.8  103.4   000 :  
Cell#147  706.3  129.2   006 :   1900  3382  4662  8033  12546  16034 
Cell#148  709.2  149.3   000 :  
Cell#149  709.2  109.1   001 :   9860 
Cell#150  720.6  126.3   000 :  
