Total No of Frames = 65000  (1 frame = 2 msec)

Cell No.   X      Y    N_Spikes  Frames
Cell#001  005.7  086.1   009 :   1696  31792  31813  31918  32139  32337  58648  58660  58672 
Cell#002  020.1  057.4   002 :   9522  9529 
Cell#003  020.1  043.1   000 :  
Cell#004  028.7  077.5   004 :   8215  15325  47221  48687 
Cell#005  028.7  100.5   004 :   15324  49898  51892  64811 
Cell#006  034.5  060.3   004 :   21290  21315  41210  41216 
Cell#007  037.3  034.5   012 :   13931  13947  40627  40632  40639  42901  42913  42935  48436  48456  60882  60888 
Cell#008  040.2  097.6   000 :  
Cell#009  051.7  034.5   002 :   40632  42911 
Cell#010  051.7  123.5   022 :   962  1405  1415  10123  10138  10158  20631  20733  21179  21208  21303  21389  27700  28754  28808  30100  35447  35453  35469  36179  36192  55732 
Cell#011  054.6  051.7   000 :  
Cell#012  057.4  143.6   047 :   959  966  978  996  1309  1315  1419  1986  4054  4108  6893  6903  6923  8086  8094  10618  10640  10689  13822  15030  15049  15062  21078  21268  27696  27720  28812  28944  31317  36175  36613  37451  41569  41591  44590  44596  46854  46880  52204  52214  55732  55741  58649  58654  58671  58888  62086 
Cell#013  060.3  091.9   004 :   16394  42993  62002  62066 
Cell#014  063.2  014.4   000 :  
Cell#015  068.9  112.0   003 :   45137  58855  58890 
Cell#016  068.9  134.9   012 :   2010  2030  3859  7995  8087  8867  16416  38312  47721  47737  55574  55828 
Cell#017  068.9  034.5   001 :   42962 
Cell#018  074.6  077.5   000 :  
Cell#019  077.5  100.5   005 :   46827  46834  52346  52353  52377 
Cell#020  080.4  034.5   001 :   22094 
Cell#021  091.9  066.0   001 :   36035 
Cell#022  094.7  037.3   001 :   10716 
Cell#023  097.6  020.1   001 :   10713 
Cell#024  109.1  086.1   008 :   5108  14824  16278  16675  17044  17082  62755  62763 
Cell#025  114.8  057.4   000 :  
Cell#026  123.5  066.0   000 :  
Cell#027  126.3  089.0   011 :   4066  9849  14821  17045  17056  17090  18161  23883  24008  25700  31954 
Cell#028  137.8  126.3   000 :  
Cell#029  137.8  028.7   000 :  
Cell#030  140.7  045.9   003 :   14210  47876  48155 
Cell#031  149.3  074.6   006 :   16957  16967  16978  30712  45037  45069 
Cell#032  155.0  155.0   000 :  
Cell#033  160.8  068.9   002 :   8351  58867 
Cell#034  160.8  017.2   002 :   14861  34337 
Cell#035  160.8  089.0   003 :   16353  16389  41553 
Cell#036  160.8  040.2   000 :  
Cell#037  172.3  074.6   002 :   4343  24100 
Cell#038  180.9  028.7   003 :   60890  60956  61202 
Cell#039  183.8  051.7   020 :   757  779  3829  3844  10057  13991  14002  21838  29620  31389  31428  45691  45712  45804  45812  45964  45993  46004  59332  59997 
Cell#040  186.6  077.5   004 :   13797  13804  52280  52290 
Cell#041  201.0  017.2   001 :   16412 
Cell#042  201.0  037.3   005 :   5101  5109  5146  5193  6118 
Cell#043  206.7  066.0   000 :  
Cell#044  209.6  086.1   000 :  
Cell#045  212.5  129.2   047 :   20154  21005  21045  22029  24452  28262  28308  29230  29340  33627  33651  33671  34384  36560  37430  37454  37505  39480  39505  39525  41007  42447  42504  42943  43028  44224  44262  45792  45863  47131  50274  50285  52288  53307  54467  54840  55204  55653  57031  57610  58158  59875  60272  60717  61970  63884  64693 
Cell#046  215.3  048.8   020 :   758  762  777  3864  3876  3899  4469  4480  4519  15011  15020  15030  15036  31300  31314  31505  58478  58487  58497  58513 
Cell#047  223.9  143.6   000 :  
Cell#048  226.8  028.7   004 :   52288  58862  58882  58979 
Cell#049  229.7  057.4   000 :  
Cell#050  232.6  100.5   021 :   3669  3692  10199  12376  12399  13861  18064  30274  30292  37133  37150  47259  50223  55379  57038  58208  58442  58916  60282  60384  61951 
Cell#051  246.9  089.0   001 :   2019 
Cell#052  249.8  068.9   008 :   14830  25701  35570  44196  62110  62121  62161  64578 
Cell#053  252.7  040.2   003 :   6094  43313  57925 
Cell#054  264.1  068.9   013 :   10415  10952  11012  13255  14245  16247  21859  24002  24011  24022  24133  32622  32861 
Cell#055  269.9  083.3   002 :   99  14827 
Cell#056  269.9  043.1   087 :   1735  1745  8520  8532  8799  10413  10418  10429  10449  10928  10937  10969  13253  13270  14244  14250  14704  14715  14821  14828  15155  16239  16251  17477  17490  17501  17771  17777  18155  18163  18169  18294  19703  19722  19756  19993  20003  20019  20031  31068  31073  31092  31217  32625  32631  33518  33532  35052  35058  35122  35143  35312  35332  35356  35366  35380  35420  35716  35726  35739  40831  40837  40870  41031  44052  44060  44080  44678  44693  44701  46547  46553  47952  47954  56643  56648  56675  57564  57577  57657  58614  58620  62241  62254  63250  63281  63372 
Cell#057  275.6  063.2   001 :   15956 
Cell#058  287.1  074.6   004 :   31239  31254  31408  52322 
Cell#059  295.7  031.6   004 :   16095  16099  16131  18892 
Cell#060  307.2  031.6   005 :   19707  19820  24985  31189  59102 
Cell#061  310.1  091.9   004 :   37186  37191  41457  44519 
Cell#062  312.9  068.9   003 :   22565  59788  59974 
Cell#063  315.8  043.1   004 :   46759  46813  53350  64647 
Cell#064  321.6  028.7   000 :  
Cell#065  330.2  051.7   006 :   12027  13829  13843  16281  16448  26887 
Cell#066  330.2  100.5   065 :   4052  4064  4399  6102  6137  6760  7531  7874  8571  8590  8647  9536  9554  10219  10950  10956  10962  10994  12407  12442  13799  13822  13848  13866  13885  13926  14043  16276  16448  16466  16474  16513  16566  16625  16646  16883  17549  17559  17567  17588  17662  17734  19185  21219  21241  21271  23152  23187  23749  24264  24292  24305  24327  24353  28226  28300  28453  28725  28756  31985  32115  54059  54075  58419  58431 
Cell#067  330.2  080.4   011 :   1176  1180  2551  14487  14518  14530  16446  31327  31332  31367  52286 
Cell#068  344.5  063.2   009 :   9011  12515  16462  21166  21181  31387  31418  58368  58402 
Cell#069  356.0  094.7   010 :   8257  8271  8320  8449  8517  8624  8648  51560  51585  51611 
Cell#070  356.0  028.7   019 :   2521  2553  9011  9020  9036  9113  15969  16460  16466  16480  16547  17133  17141  46960  46993  54084  54111  54157  54206 
Cell#071  358.9  048.8   002 :   16292  34793 
Cell#072  364.6  109.1   002 :   1298  64897 
