Total No of Frames = 65000  (1 frame = 2 msec)

Cell No.   X      Y    N_Spikes  Frames
Cell#001  014.4  117.7   000 :  
Cell#002  017.2  063.2   052 :   1402  2695  3856  4378  5918  7006  8214  9742  11071  12363  14021  14581  15973  17481  18843  19951  20985  21649  23227  24791  25698  26287  27899  28518  28984  29708  30874  32263  33542  34718  35506  37421  38335  40658  42130  43236  43858  46495  46976  48122  50457  51675  51778  53142  54749  56286  57581  58072  59500  60795  62777  63975 
Cell#003  023.0  028.7   002 :   2089  42489 
Cell#004  034.5  066.0   044 :   1409  2695  3861  4397  5923  7013  8236  9752  11071  12352  14581  15994  17484  18855  19964  20984  21655  23224  24807  26316  27900  28991  29710  30882  32292  33549  34715  35505  37429  38342  40664  43243  43867  46508  48134  50467  51777  53148  54767  56289  58080  59502  60811  62791 
Cell#005  040.2  149.3   000 :  
Cell#006  048.8  011.5   000 :  
Cell#007  051.7  091.9   004 :   2713  8258  11070  18855 
Cell#008  057.4  143.6   013 :   8255  9753  17496  18852  27902  28993  32273  34725  38344  46496  50464  51780  60819 
Cell#009  057.4  031.6   000 :  
Cell#010  063.2  054.6   006 :   8262  11082  37430  39923  43244  58083 
Cell#011  068.9  089.0   050 :   1411  2695  3860  4394  5922  6556  7020  8250  9746  11074  12366  13244  14582  15974  17479  18850  19293  19961  20988  21651  23226  24808  26319  27901  28521  28984  29704  30874  32279  33551  34723  35503  37424  38337  40661  43239  43861  46496  46980  48123  50463  51778  53140  54753  56290  58073  59508  60803  62780  63977 
Cell#012  074.6  040.2   020 :   1411  2703  5918  6559  11078  12363  12572  14582  19967  26318  34721  38341  43239  51779  53149  54756  56294  58073  60774  62785 
Cell#013  091.9  086.1   048 :   1419  2697  3844  5924  6556  7024  8253  9742  11073  12363  14581  15988  17483  18850  19963  20996  21650  23062  23239  24801  26316  27903  28518  28989  29725  30874  32276  33555  34723  35510  37427  38338  40660  43242  43853  46492  48122  50239  50466  51776  53142  54755  56286  57681  58070  59507  60810  62784 
Cell#014  097.6  146.4   026 :   1423  2695  3857  5924  8252  9748  11078  12370  27899  28995  32282  33550  37424  43241  43864  46498  46986  48125  50475  51778  53147  54753  56291  58070  59509  62784 
Cell#015  100.5  063.2   048 :   1405  2690  3839  4383  5918  6549  7011  8248  8260  9741  11074  12355  14574  15927  17482  18849  19290  19953  20987  21646  23242  24803  25695  26313  27894  28983  29704  32262  33549  34724  35499  35916  37431  38329  39863  40661  43239  43859  46494  48127  51773  53137  54753  56287  58071  59496  60799  62780 
Cell#016  112.0  149.3   034 :   2699  3867  5926  6565  8250  9748  11072  12364  14580  17488  18856  19965  20994  21650  23220  24799  27907  28985  29709  32289  35504  37426  40653  43240  43862  48123  51782  53143  54757  56285  58074  59510  60808  62786 
Cell#017  117.7  045.9   002 :   11528  48959 
Cell#018  126.3  080.4   004 :   1957  4359  12345  58056 
Cell#019  126.3  120.6   002 :   7019  56291 
Cell#020  126.3  149.3   041 :   1415  3868  4398  5929  6574  7008  8208  8250  9752  11073  12363  14587  15988  17489  19967  24806  26293  27067  27895  28985  29711  32287  33534  34723  37429  38341  40662  43240  43862  46499  46986  48129  51780  54756  56289  57580  58078  60799  61327  62788  63983 
Cell#021  137.8  040.2   013 :   6278  12327  19967  22594  23137  27367  27845  28409  40336  42176  43830  45897  55776 
Cell#022  137.8  178.0   000 :  
Cell#023  140.7  063.2   011 :   4374  12328  19966  26304  27369  27863  40339  43164  45899  51159  51166 
Cell#024  143.6  117.7   010 :   4171  8172  11076  13955  16548  26925  28222  42940  55541  62467 
Cell#025  149.3  149.3   000 :  
Cell#026  152.2  086.1   020 :   5723  8242  11334  15842  16187  19149  26283  26990  27869  31120  33997  37761  38692  39933  42940  50282  55975  56270  56468  56770 
Cell#027  155.0  063.2   018 :   415  2022  4385  8181  11005  13959  14581  15992  17487  29996  32273  37431  38651  40665  43239  49667  54609  61059 
Cell#028  166.5  109.1   001 :   11239 
Cell#029  180.9  103.4   018 :   1397  8157  8249  12642  14583  18422  23581  26309  29711  33459  39797  42531  48136  48977  53151  54751  58073  61101 
Cell#030  183.8  077.5   004 :   9706  11400  28987  39780 
Cell#031  183.8  137.8   000 :  
Cell#032  195.2  114.8   019 :   5749  11317  21627  21822  31102  32907  35836  37841  40651  41281  41631  42277  45675  48826  49543  50215  52728  56455  63242 
Cell#033  198.1  071.8   002 :   30602  64355 
Cell#034  201.0  097.6   011 :   1507  20708  26499  33680  42660  45951  46345  57449  57574  58166  59426 
Cell#035  206.7  169.4   009 :   2702  9749  34727  40655  43235  46491  46967  50461  59499 
Cell#036  218.2  068.9   001 :   22929 
Cell#037  218.2  043.1   003 :   15551  22696  53600 
Cell#038  223.9  109.1   001 :   27901 
Cell#039  235.4  086.1   014 :   5892  9700  12369  18462  19267  20513  22369  31860  32962  36816  44468  46499  56154  59234 
Cell#040  246.9  083.3   009 :   9195  12589  27897  28866  41566  42959  46476  53000  53034 
Cell#041  246.9  109.1   006 :   1001  11043  15759  21466  42850  54044 
Cell#042  252.7  031.6   009 :   4110  9188  12201  27160  28417  29526  31187  38660  44443 
Cell#043  258.4  002.9   003 :   14103  45183  64747 
Cell#044  261.3  083.3   000 :  
Cell#045  272.8  028.7   009 :   4687  6786  14244  19272  29911  43450  46743  51465  60428 
Cell#046  281.4  083.3   000 :  
Cell#047  290.0  034.5   003 :   16167  52897  56766 
Cell#048  301.5  060.3   006 :   4120  4227  11613  35607  48051  51467 
Cell#049  301.5  094.7   007 :   4120  27170  30228  35850  48056  59239  61973 
Cell#050  315.8  123.5   002 :   19563  28856 
Cell#051  318.7  048.8   010 :   1391  4195  10488  25784  41176  42886  50851  54531  59078  64597 
Cell#052  321.6  025.8   004 :   1006  17095  26010  36298 
Cell#053  321.6  140.7   000 :  
Cell#054  333.0  068.9   006 :   9249  14121  15645  27159  44589  47897 
Cell#055  333.0  166.5   003 :   92  26876  48975 
Cell#056  338.8  106.2   003 :   6557  14881  46733 
Cell#057  347.4  054.6   010 :   3862  8673  20934  25702  35341  39508  39519  47917  48868  59245 
Cell#058  356.0  017.2   003 :   4375  12327  25360 
Cell#059  361.8  129.2   003 :   6862  22278  56647 
Cell#060  364.6  157.9   002 :   6531  28909 
