Total No of Frames = 65000  (1 frame = 2 msec)

Cell No.   X      Y    N_Spikes  Frames
Cell#001  005.7  066.0   000 :  
Cell#002  008.6  109.1   009 :   4350  14844  14866  38097  43723  55227  55247  55509  64972 
Cell#003  011.5  025.8   003 :   25990  25997  42099 
Cell#004  011.5  169.4   018 :   5495  7185  18710  22245  39905  43797  43983  49942  50000  55151  55169  55193  59571  59652  59757  60625  64721  64938 
Cell#005  017.2  100.5   215 :   1395  1562  1648  2249  2317  2410  2488  2865  3120  3800  3866  3885  4155  4183  4365  4687  4735  4788  5136  5281  5296  5526  5647  6234  6270  6279  7091  7192  7266  7298  7661  8597  8649  8949  9370  9393  9666  10589  10650  10714  10930  10950  11016  11157  11387  11707  12747  12777  13093  13194  14449  14637  15072  15390  15599  15944  16404  17010  17066  17373  17879  17954  18183  18261  18383  18516  18735  19001  19052  20297  20415  20524  20739  20979  21114  21182  21495  21713  21893  22079  22129  22445  22475  23490  23730  23902  24026  24157  24534  25712  26004  26202  26428  26468  26531  26942  27092  27126  27282  27554  27653  28000  28049  28861  29252  29348  29425  29727  29971  30047  30341  30453  30484  31359  31423  31543  31807  31942  32003  32368  32602  32649  33462  33892  33942  34190  34217  34714  34821  34873  35829  36085  36179  36868  37075  37140  37165  38008  38334  38435  38531  38599  38679  39434  39604  40039  41255  41331  41538  41688  41823  42143  42229  42298  42895  43366  43547  43766  43791  44545  44821  45135  46074  46208  46580  46772  46903  47180  47365  47425  48535  48606  48855  48987  49020  49873  49937  50158  50171  51220  51422  51863  51941  52226  52506  52562  53599  53808  53861  54310  54556  55563  55628  55813  56608  56837  56952  57919  58108  58890  59742  60577  60696  60741  61416  61569  62329  62401  62571  63045  63335  63508  63986  64111  64905 
Cell#006  020.1  068.9   000 :  
Cell#007  020.1  201.0   049 :   3746  3814  3872  3950  22303  23917  24013  24142  24264  24353  27301  27313  31062  32774  32955  39166  39459  39483  40092  47103  47166  47269  47694  47720  47745  47805  47883  48139  49933  52217  52422  52479  52608  52817  53717  54298  55387  55598  55710  58060  58077  58622  61004  61112  63943  63953  64030  64135  64334 
Cell#008  034.5  143.6   031 :   4337  4730  5070  5151  5737  6232  6597  6774  6937  9181  10881  11172  11279  14411  14670  14840  15421  15585  18631  18773  32572  33044  49091  50144  55043  55111  56957  59412  59549  63979  64981 
Cell#009  037.3  083.3   000 :  
Cell#010  037.3  201.0   142 :   1679  1774  2196  2407  3158  3170  4008  4712  5467  6133  6329  7314  7618  10157  10178  10902  10927  11173  11322  13882  14440  14832  17976  18247  18516  21333  21500  21765  22036  22251  22277  24302  26729  26845  27126  27230  27658  28109  28334  28763  30092  30826  31131  31159  31645  31867  32254  32405  32922  35378  35883  36114  36317  36357  36659  37400  37631  38023  38287  38693  38865  39117  40185  41524  41956  42276  42871  43051  43163  43182  43361  43589  43674  43697  44091  45908  46116  46330  46350  46781  47104  47299  47402  47417  47908  48028  48371  48632  48933  49092  49294  49451  49855  51470  51757  51793  52412  52572  53111  53370  53805  53961  54018  54228  54502  54831  54941  55104  55233  56912  57374  57741  57779  58089  58128  58311  58580  58789  58837  58978  58999  59100  59297  59322  59336  60061  60189  60430  61014  61367  62359  62765  63121  63537  63551  64202  64247  64443  64464  64476  64776  64931 
Cell#011  045.9  045.9   000 :  
Cell#012  045.9  123.5   012 :   5802  5810  5823  11822  11829  19134  19150  24465  24725  33400  47473  47956 
Cell#013  051.7  103.4   042 :   3337  4078  4089  4110  4303  5466  6007  6131  6149  6435  6535  11089  11106  11455  11609  11660  11830  14313  14683  14694  14847  15098  18550  18959  21766  21788  22631  22651  24070  24547  24574  32703  38173  48516  55282  55300  59099  60314  60335  63741  64765  64980 
Cell#014  051.7  172.3   002 :   55499  59541 
Cell#015  057.4  126.3   023 :   4765  4843  4866  4915  4941  5003  5075  5086  5194  5279  6404  6623  6819  6859  11281  13859  13870  15068  15077  38741  48761  48849  48924 
Cell#016  057.4  206.7   000 :  
Cell#017  066.0  180.9   003 :   15620  55501  59555 
Cell#018  066.0  074.6   026 :   1849  2391  2404  4780  4795  4979  5081  5283  5682  5694  6830  6839  6961  6982  7577  10431  11301  15304  38368  38375  38385  38689  47641  47650  54245  59871 
Cell#019  066.0  160.8   010 :   10855  13857  13874  14037  14249  18120  21483  21667  57869  58093 
Cell#020  083.3  077.5   029 :   2768  2789  4353  6147  6162  6620  7295  13965  13972  14178  14183  14189  14223  14524  14538  14554  14684  14838  14845  14859  22435  33129  43386  43393  47281  47301  59157  59170  64535 
Cell#021  091.9  149.3   007 :   5981  7580  11548  14539  14666  24139  28662 
Cell#022  103.4  109.1   033 :   5836  6232  6532  6566  6604  6715  6807  7353  7548  11757  11768  22211  22216  22431  24341  46984  47449  47467  47808  47945  47995  48163  48328  48665  48913  48946  49038  49196  49344  49490  53308  53492  53516 
Cell#023  106.2  077.5   008 :   2128  2142  10519  10530  10957  11174  11193  60591 
Cell#024  112.0  132.1   002 :   4357  7045 
Cell#025  114.8  066.0   017 :   5083  5090  5737  6512  7221  9195  10858  36958  39974  40130  42722  43759  43777  43805  46971  47676  50172 
Cell#026  114.8  103.4   011 :   6574  11355  20518  25659  25850  25859  25890  27323  27334  27418  27474 
Cell#027  126.3  100.5   047 :   4322  4351  5277  5457  6130  6221  6296  6703  10977  11349  11507  14508  14528  14808  14829  14910  17916  17970  18936  22326  22433  24202  24281  27605  28448  28738  32563  43890  47283  47745  47887  47961  48559  48614  54281  54414  54787  54818  54838  54984  55285  59456  59845  61293  64639  64693  64729 
Cell#028  126.3  074.6   007 :   10862  39971  40118  40201  42724  43770  45755 
Cell#029  126.3  146.4   002 :   18825  27542 
Cell#030  140.7  063.2   014 :   5812  5829  6536  6551  6951  6962  7071  7170  7261  7278  7406  14702  39147  39166 
Cell#031  149.3  100.5   033 :   4352  4364  4387  5726  5740  6162  6175  6192  6548  6556  6571  6685  6767  6972  7007  14684  14748  22958  22968  23180  24132  24154  24509  31912  31922  32932  32941  34614  34625  35644  35654  35828  37194 
Cell#032  160.8  132.1   046 :   4316  5368  5903  6341  6684  6819  7089  7456  10943  11245  11636  14411  14833  15009  15438  18461  19010  19130  21787  22247  24106  24351  32521  38506  38529  38836  39857  47300  47754  48149  48481  48497  49389  49459  54789  54992  55321  59682  59802  60493  60672  63284  63516  64685  64701  64973 
Cell#033  163.7  103.4   139 :   2605  3521  3582  3907  3977  4312  5368  5851  5906  6257  6272  6337  6424  6651  6684  6767  6818  6929  7046  7091  7300  7352  7406  7461  7562  10947  11246  11338  11501  11634  11731  11758  11821  13408  13977  14407  14683  14838  15006  15449  18462  18737  18885  19010  19133  21786  21960  22012  22179  22211  22421  22436  22922  23997  24108  24130  24199  24355  24365  28448  28630  32155  32528  33053  33135  36680  36745  37715  38506  39789  39852  42890  42903  43288  43755  44071  44442  45356  45786  46055  46885  46930  46967  47021  47117  47292  47352  47402  47444  47684  47741  47946  48143  48172  48225  48357  48394  48484  48666  48766  48946  49041  49206  49363  49386  49513  49755  49930  51564  51944  51965  52403  53176  53303  53437  53490  54077  54779  55001  55073  55132  55322  57441  57627  57667  58440  58470  59425  59689  59804  60132  60494  61300  63280  63946  64550  64686  64848  64973 
Cell#034  163.7  077.5   070 :   4308  4808  4818  5973  6607  6630  6713  11332  11348  11371  11401  11715  11737  11768  11828  13221  13240  13258  13377  13388  14828  14837  15500  15516  18056  19149  19193  22347  22426  28358  28371  28464  33325  33400  37720  42234  42251  43682  44222  47788  47804  48025  48186  48193  48392  48483  48760  48949  49233  49349  50027  50047  53809  53816  53825  53836  54897  55225  55242  59158  59974  59990  60135  60317  61351  64203  64216  64954  64966  64977 
Cell#035  175.1  063.2   004 :   14833  15507  53812  59156 
Cell#036  178.0  123.5   009 :   13785  17961  21803  48390  48758  53812  59159  60037  64973 
Cell#037  180.9  045.9   002 :   21605  21627 
Cell#038  189.5  100.5   030 :   3417  3534  4352  4666  6133  6295  6311  6818  7045  7404  7480  7610  7853  11524  14687  18263  18996  22466  22481  23208  27839  44240  48136  48590  48600  55646  59159  59932  60130  64718 
Cell#039  198.1  071.8   000 :  
Cell#040  203.8  054.6   000 :  
Cell#041  215.3  066.0   000 :  
Cell#042  218.2  106.2   001 :   60382 
Cell#043  221.1  086.1   001 :   4355 
Cell#044  232.6  114.8   011 :   1884  2511  4008  4350  6592  6840  7184  15175  23267  23279  38100 
Cell#045  244.0  057.4   000 :  
Cell#046  246.9  120.6   009 :   2796  2805  4356  32485  32527  32549  33125  43453  59155 
Cell#047  258.4  109.1   032 :   916  4322  4340  4361  7043  7053  11547  14654  14709  14792  21920  22214  38025  38041  43454  43781  43803  43995  47286  47867  47894  48358  48364  54481  55367  59140  59323  59614  59824  59911  63795  64299 
Cell#048  258.4  094.7   017 :   912  4330  7044  14654  38036  43454  43993  47289  47867  48358  49946  54479  59124  59313  59827  63797  64310 
Cell#049  264.1  063.2   006 :   4342  6252  46555  46646  60505  60851 
Cell#050  264.1  017.2   008 :   46555  46578  60383  60398  60499  60856  60865  60874 
Cell#051  269.9  126.3   107 :   2341  2893  4345  4357  6206  11024  11139  11249  11439  11503  14176  14203  14829  14853  14914  18218  19074  19321  21413  22213  22306  23665  23677  23968  24124  24214  24416  24633  24667  27589  27604  28693  29705  29819  30026  30390  30617  32419  32749  32846  32878  33101  33134  33271  33278  36159  36196  36593  37225  37341  37354  38387  38401  39124  39228  39286  39790  39806  39944  40166  41959  42037  42166  42191  42834  42843  43365  43381  43852  44078  44509  44823  45177  45821  46083  46746  46927  47101  47215  47269  47524  48059  48305  48320  48365  48470  49205  49266  49279  49367  49512  49819  49886  49906  49928  51395  51527  51621  54993  55002  55120  55129  58875  63079  63133  64472  64599 
Cell#052  281.4  083.3   006 :   4153  4352  24138  31995  32006  59154 
Cell#053  284.2  132.1   056 :   4002  4146  4160  4336  4344  4355  5966  6009  6023  6551  6608  6769  7015  7028  7050  7159  11559  11579  14544  14686  14721  14836  18826  18835  22188  22196  22211  24122  24145  27521  27538  27589  28395  28411  33055  33065  33104  36382  36395  38082  38101  39805  43458  47169  47192  47338  48137  48647  54685  54708  59143  59155  59940  64353  64372  64551 
Cell#054  287.1  068.9   013 :   45176  46269  49052  51412  51434  51945  51967  53304  53467  53480  57670  58457  60137 
Cell#055  301.5  057.4   074 :   2174  2181  2195  2737  3369  3375  4355  4637  4656  6688  6702  6811  6925  6943  7270  10972  11176  11281  11291  14788  14801  15679  15693  18461  18493  18578  18632  18721  27812  27823  31055  32953  32997  36732  38379  38388  38400  39185  39499  39511  39523  42128  43564  43890  44143  46399  46695  47368  47394  47789  48319  48368  48503  48585  48822  49931  49945  51607  51805  51827  52232  52684  52809  54016  54978  59082  59126  59143  59153  59683  59690  64530  64921  64928 
Cell#056  310.1  112.0   036 :   2802  2818  2824  2862  20995  21002  26037  26048  26057  26070  27593  32092  32666  32681  32689  38536  38547  38555  45319  45335  45353  47116  48560  48567  51642  51648  51714  52712  52726  52740  59815  59826  59836  63376  63387  63397 
Cell#057  312.9  054.6   004 :   4349  15246  32849  38248 
Cell#058  327.3  126.3   015 :   44489  44503  45157  45171  45291  45869  45902  46588  46605  47065  47121  48561  51965  52712  57457 
Cell#059  333.0  097.6   013 :   5724  5737  6550  39129  39147  44498  45153  45283  45870  46588  47061  48556  57450 
Cell#060  338.8  048.8   061 :   2208  2224  2735  2753  3356  4347  4639  6554  6702  6772  6933  7253  10970  11155  11291  14792  15694  15853  18535  24771  27828  32974  32997  36471  36737  38385  38512  38727  38847  38924  38968  39177  39474  39530  43566  43627  43887  44139  44177  44278  46327  46400  47317  47457  47760  47988  48199  48314  48483  48648  48813  51749  51815  54021  54295  54983  55004  55156  59690  64625  64884 
Cell#061  341.7  132.1   010 :   3852  4341  6776  42847  47107  48557  49939  51528  54699  59140 
Cell#062  347.4  066.0   019 :   4352  6776  6924  39027  39036  39482  40403  40413  40423  42848  42857  43371  47107  47114  48771  49373  49930  51531  59167 
Cell#063  350.3  040.2   011 :   33522  46533  46558  46577  60374  60411  60477  60567  60661  60866  60889 
Cell#064  356.0  103.4   074 :   33992  34008  36748  36935  37027  37045  37209  37265  37616  38678  39288  39305  39467  39624  39762  39952  39957  40432  40440  40626  41554  41806  42601  42610  42632  42759  42767  42775  42812  42847  43336  43346  44403  44515  44818  44829  45479  45567  45753  45839  46156  46166  46198  46838  46846  46858  47106  47117  48765  48775  49169  49179  49191  49244  49278  49415  49422  49598  49685  49744  49819  49856  49890  51159  51181  51260  51410  51417  51529  51646  51681  52012  52023  52497 
