Total No of Frames = 65000  (1 frame = 2 msec)

Cell No.   X      Y    N_Spikes  Frames
Cell#001  011.5  068.9   018 :   15970  15984  16013  27162  27167  27179  27194  36478  36489  36497  37462  37475  51833  51842  58897  58909  63980  63997 
Cell#002  011.5  132.1   001 :   17176 
Cell#003  011.5  201.0   025 :   1024  1040  1454  1554  5431  9009  12391  12403  12425  12769  14342  21415  21465  32370  32390  33950  33965  35315  35331  35368  51666  51682  57941  63185  64947 
Cell#004  011.5  094.7   009 :   17174  18545  22037  22049  29938  39966  39976  60003  60020 
Cell#005  017.2  120.6   003 :   17169  50137  51847 
Cell#006  020.1  155.0   008 :   29304  30142  32398  39208  39230  39256  49327  49339 
Cell#007  023.0  063.2   045 :   9011  9022  10203  10223  10398  10442  17117  17175  20776  20786  21414  21422  21435  28309  28316  28364  34262  34270  34304  35341  35356  35367  35388  35733  42339  42347  42361  43047  43056  49979  50019  51943  51953  51961  51969  52724  53111  56300  56310  58449  58537  58547  58562  58571  58580 
Cell#008  023.0  045.9   069 :   597  623  2478  5042  5067  8984  8994  9004  11449  13222  13258  14420  16140  16335  16354  17121  17127  17170  17183  19399  19654  21987  22243  22658  22669  22697  26389  27496  27519  28271  28305  31980  32208  34262  35311  35372  35421  35733  37190  37209  37242  37462  37751  39552  39692  39794  40179  40531  42311  42349  47894  47910  47929  50133  51853  51938  52518  52714  52726  56291  56302  58802  58810  59327  59402  63203  63217  64631  64833 
Cell#009  023.0  080.4   042 :   7202  7220  7640  7706  9007  9014  10422  11924  12370  12383  12497  16140  17106  17116  17173  21414  27851  27858  28259  28270  28302  32111  33893  34230  35316  35365  35407  36383  36478  42311  42345  48767  51825  51857  51954  52145  58026  58399  58538  58689  58802  58897 
Cell#010  028.7  198.1   011 :   901  1085  1311  1325  1434  1949  1964  11791  30145  30160  30209 
Cell#011  034.5  109.1   002 :   27848  42317 
Cell#012  037.3  089.0   026 :   3388  3408  10407  10421  10434  10446  19349  19359  19368  19380  31949  31961  34102  34147  34224  34251  43951  52954  52968  52974  52993  53040  53059  58798  58805  58821 
Cell#013  045.9  186.6   015 :   14026  15169  15187  15199  15381  33846  33956  39907  39936  40031  40118  46518  46540  51496  51600 
Cell#014  045.9  020.1   081 :   3832  3842  4092  6015  8982  8999  9012  9030  9254  12356  12421  12497  12529  14510  14519  14575  14637  15949  15957  15965  16140  16314  17173  17226  19400  19423  19505  21438  21500  21570  21609  24617  24625  24637  24648  24917  26368  26390  26509  27522  27545  27581  27724  27749  28099  28134  28149  32220  32232  34262  34269  34284  37464  37473  38486  38507  39268  40497  42333  43047  43069  46559  46573  46586  47952  47967  51855  51993  52005  52174  52271  52772  52836  52981  52997  56305  58806  58836  64638  64644  64663 
Cell#015  045.9  057.4   029 :   1063  1073  8579  8588  8595  8603  16071  16110  16123  16141  17173  17186  24313  24323  24329  24333  24341  39270  39278  49726  49733  51926  51937  51948  51959  58760  58771  58790  58798 
Cell#016  048.8  160.8   001 :   50112 
Cell#017  054.6  134.9   004 :   25903  47195  62196  62220 
Cell#018  057.4  054.6   088 :   2044  2051  2056  2064  4105  5220  5229  5234  5242  7628  7634  7641  7694  12664  12675  12682  12688  13341  14098  14107  14117  14845  14853  14860  14867  15280  17163  17176  17186  19432  20585  20593  21756  21762  21768  21777  24325  27228  27238  27310  27321  27332  27450  30063  30076  30515  30531  32005  32020  32029  32037  33518  33562  33619  35315  36274  36295  36308  36368  39510  39532  42169  42173  42179  42190  42230  47117  48493  57436  57460  57469  58625  58636  58653  58754  58779  58794  60335  60343  62001  62012  63213  63250  63385  63392  63453  63476  64541 
Cell#019  060.3  011.5   024 :   8980  14498  14525  17172  17178  19428  24623  27520  28093  32222  32411  34262  37473  39266  47950  50133  51862  51978  51992  52754  56299  62272  62329  64632 
Cell#020  068.9  066.0   060 :   2050  2063  2129  4106  5220  7633  7692  12669  12677  13342  14098  14496  14849  15282  16143  17168  17173  19430  20583  21757  21767  27221  27321  27382  27450  30066  30517  32007  32024  33518  33564  35313  35816  36275  36373  37470  39264  39509  42168  46548  47117  48492  51991  52187  56298  57449  58626  58754  58782  58857  60341  61999  62016  62277  63214  63240  63386  63455  64546  64629 
Cell#021  068.9  025.8   088 :   3800  3817  3921  3935  4340  4724  4749  8277  8470  8786  8806  8853  8926  9041  12596  12783  13821  13874  14273  14289  14400  14525  14564  14738  14875  16244  17176  21142  21159  21185  21296  21391  21503  21571  22704  22712  25018  25043  26564  27619  27714  27801  27950  28078  28446  32189  32418  33326  34716  35008  35471  35612  35671  35763  36020  36148  36230  40909  41052  41452  41599  41869  41898  42309  44821  44834  48497  51362  51381  51594  51937  52050  52221  52753  52928  52951  56039  56216  57898  57918  58016  58371  60424  60449  62269  62278  64797  64826 
Cell#022  068.9  106.2   016 :   5217  12668  14844  14869  16136  17163  21753  32007  36275  42167  57438  58626  58753  58781  63385  63453 
Cell#023  077.5  152.2   003 :   9221  17171  17178 
Cell#024  080.4  106.2   003 :   16141  17175  39260 
Cell#025  091.9  083.3   038 :   107  1681  1696  6213  7404  7424  9467  19213  19221  19232  19401  21295  21305  24966  25025  27270  27493  28100  28168  28256  31938  31942  31948  32195  38482  38488  38907  39196  39266  50136  50368  51746  53013  53058  58655  58697  64614  64620 
Cell#026  091.9  137.8   009 :   3492  22241  39254  39264  39272  39973  40043  59998  60017 
Cell#027  103.4  126.3   006 :   1300  12500  12531  40207  58760  58767 
Cell#028  103.4  172.3   006 :   48248  48263  48271  48282  56299  64472 
Cell#029  106.2  157.9   021 :   5995  6252  6986  7939  7971  10411  11893  16300  16535  16679  17174  18820  22225  22239  22247  22368  23600  31205  31225  38227  38269 
Cell#030  109.1  017.2   018 :   13466  13476  16142  17175  31255  31267  31276  31286  37750  37756  39949  39962  39968  39974  57759  57770  57783  57790 
Cell#031  109.1  094.7   043 :   8623  8636  9131  9477  9759  11877  11883  11891  16142  17174  18238  18536  19215  20702  20715  20752  20802  21001  24046  24061  24491  31255  31266  33841  33894  34255  39270  44389  45131  45172  45184  46520  48197  48211  52503  52588  53222  53234  58673  58674  58685  61319  64616 
Cell#032  114.8  054.6   206 :   814  2326  2344  4078  4097  4342  4639  5305  5847  5869  5887  6390  6971  7777  8059  8076  8629  8767  9490  9536  9550  11875  12304  12313  12322  12339  12600  12675  12698  12715  13797  13810  13830  14069  14119  14143  14267  14334  14583  14664  16143  16247  16314  16324  17168  17174  17241  17649  17656  18628  18642  19715  20217  20701  20833  21204  21212  21358  21378  21453  21466  21475  21547  21711  22347  22996  24041  24096  24109  25162  25169  25181  26264  26270  26286  27979  27987  28046  28058  28174  28315  30877  30883  30964  31254  31274  32086  32095  32189  32354  33808  33831  33845  34417  34488  34532  34738  34834  34987  35268  35285  35331  35369  35662  35676  35818  35829  36065  36368  36379  36394  37761  39266  40334  40345  40366  40402  40893  40911  41121  41140  41367  41595  41616  41685  41868  42015  42295  42307  43912  44842  44857  44969  45031  45173  45443  45465  46344  46396  46418  46518  46559  47291  47325  47348  47417  47450  48016  48032  48196  48364  48374  48510  48839  49108  49114  49226  51055  51063  51088  51209  51664  51729  51837  51857  51986  52190  52249  52501  52625  52743  53030  53226  54716  54733  54743  55866  55871  55887  56066  56299  57057  57068  57572  57582  57603  57649  57938  58545  58862  60733  60742  61311  61651  61661  62276  62298  62322  62335  62650  64149  64627  64641  64778  64841  64993 
Cell#033  123.5  089.0   024 :   1464  5002  5007  5129  6398  16144  17174  22346  22352  40405  40413  40419  40435  40442  43045  43050  50133  50140  51856  51859  56299  56306  64146  64159 
Cell#034  126.3  117.7   019 :   2522  2528  5676  5683  5689  5695  16142  17172  22345  39272  39284  39788  39792  40305  40312  40321  40341  40420  56302 
Cell#035  126.3  068.9   030 :   1459  1465  1476  5003  5010  5022  6389  6396  6400  6409  9012  9019  16139  17174  22341  22348  22354  40404  40412  40419  40430  43042  50128  50140  51858  56301  56307  64148  64154  64160 
Cell#036  132.1  143.6   004 :   5680  16142  17174  39270 
Cell#037  137.8  045.9   039 :   5003  16142  17173  22347  22352  23251  23257  23263  23271  23281  28268  28274  35356  35365  35729  35732  39268  40399  40408  40422  42348  42369  43040  46512  46517  46539  49296  49303  49308  49320  50137  51858  55817  56263  56274  56286  56304  64150  64161 
Cell#038  140.7  086.1   049 :   984  1508  2059  3812  5002  5012  5117  5224  12657  12682  14085  14845  15247  16140  16146  17172  17177  19421  20560  21742  22348  22354  27212  27437  31974  33505  40402  40415  40422  40432  40439  42162  43044  43047  43631  50137  51858  51868  52638  56304  57418  58747  58781  60511  61989  63174  63374  64150  64165 
Cell#039  143.6  112.0   150 :   978  989  1506  2058  2066  2073  2534  3816  3820  3914  4108  5119  5126  5221  5230  5246  5274  6903  6967  6983  7049  7567  7598  7627  7780  12502  12660  12676  13336  13343  14080  14085  14092  14130  14205  14841  14851  14860  15249  15282  17164  17172  19425  19440  19458  20552  20568  20590  20606  21694  21741  21749  21763  21774  21956  21974  21990  23290  23298  23645  23664  24091  24107  25042  27209  27222  27241  27315  27322  27351  27441  27450  30055  30073  30491  30499  30514  31975  31993  32008  32018  33507  33517  33535  33549  33620  34394  35315  36190  36265  36272  36283  36336  36372  39460  39494  39510  39527  40358  40406  41860  42159  42167  42178  42350  42846  43624  43642  44405  44553  45728  45737  47122  47294  48494  48508  49869  50137  51004  51896  52628  52641  54681  56241  56516  57422  57433  57452  57856  58603  58619  58638  58749  58771  58792  60407  60490  60506  61990  62001  62011  63172  63194  63207  63225  63375  63395  63455  64541  64553 
Cell#040  149.3  149.3   000 :  
Cell#041  155.0  051.7   000 :  
Cell#042  163.7  129.2   020 :   4185  4197  5116  8884  8910  13825  17982  18334  18340  18351  18402  18502  18528  21086  21097  21105  21112  28058  28073  55196 
Cell#043  166.5  203.8   000 :  
Cell#044  166.5  080.4   006 :   5959  5973  40173  40182  44329  44335 
Cell#045  169.4  103.4   015 :   7271  16146  17176  31738  32930  40175  44961  46847  50973  50992  52749  56931  56946  63046  63285 
Cell#046  175.1  034.5   005 :   16142  16299  17172  39265  39270 
Cell#047  175.1  186.6   060 :   5694  5712  5875  5891  5998  6129  6359  6383  6391  6403  6492  6625  10601  10635  14933  14959  14989  15434  17026  17046  17173  17647  17679  17804  17975  22248  22286  22311  25817  25841  25956  25993  26164  31035  31066  31220  31765  31993  32108  32129  34933  36163  37066  37084  37518  37535  37598  42497  44789  44805  44829  47097  47109  54226  54246  54259  55873  55882  59826  63329 
Cell#048  178.0  083.3   010 :   4454  13926  13929  16139  17176  21196  21203  43958  59279  59292 
Cell#049  183.8  143.6   008 :   596  603  614  40200  40206  40217  40225  40444 
Cell#050  186.6  175.1   009 :   762  799  814  10025  16531  16632  37752  39923  39939 
Cell#051  189.5  077.5   009 :   4456  13933  21198  21203  40182  40189  43960  51862  59277 
Cell#052  195.2  097.6   016 :   4999  5015  5042  22594  22605  29287  29298  37470  37481  48423  48433  48451  64037  64046  64391  64409 
Cell#053  201.0  126.3   014 :   1064  2255  4484  4495  4501  6316  8713  21309  29272  39270  51983  64924  64930  64937 
Cell#054  201.0  186.6   034 :   1203  1464  2260  2288  9244  14931  14951  17173  21307  21415  22690  22713  26301  26324  27897  28004  31288  32086  32414  34238  35374  37750  37778  40288  40629  44193  45117  45133  48269  48288  50134  56282  56299  56481 
Cell#055  206.7  155.0   007 :   17167  17178  46375  46380  49964  50000  64420 
Cell#056  206.7  103.4   042 :   540  5123  5130  5925  5932  5942  5950  6372  6416  6659  7278  7288  13426  13452  22339  28505  28513  28519  28529  30283  30296  34199  34204  34213  34219  37734  37744  37750  37756  44955  44966  44974  44987  46523  46547  46578  51001  51009  51013  51032  58794  58800 
Cell#057  212.5  057.4   031 :   17173  19299  19316  30747  30762  32826  38849  39268  40243  40433  40439  40805  40878  40890  41481  41486  43883  43889  45433  45442  50616  50622  50626  55862  56914  61571  64727  64738  64751  64763  64805 
Cell#058  215.3  195.2   024 :   5046  5058  5078  13231  13241  13294  13438  17114  17155  17174  22693  22707  22758  37756  39543  39560  39581  40284  40304  59267  59273  59281  59293  59298 
Cell#059  218.2  091.9   000 :  
Cell#060  226.8  074.6   044 :   5995  6011  12579  12586  12591  12598  13231  13238  15377  15390  15397  16136  16142  17175  37464  37469  37752  37758  39264  39270  39794  40278  40284  40290  40297  48485  48491  48494  48511  52501  52518  60362  60368  60383  61614  61631  61639  61752  61872  61891  62005  62068  64140  64659 
Cell#061  229.7  186.6   016 :   842  864  1856  10094  29910  37468  37721  37738  46417  49367  49482  50138  54678  54707  54724  54844 
Cell#062  235.4  057.4   013 :   5996  16140  16143  16154  17173  17178  17191  37459  37503  39265  39272  39278  39289 
Cell#063  238.3  152.2   011 :   6017  22343  25037  28268  37744  38267  39270  43278  43294  43345  51851 
Cell#064  241.2  123.5   012 :   9461  9471  27165  27176  27189  27215  37750  37760  37772  39267  48424  48445 
Cell#065  246.9  040.2   020 :   189  1424  11786  11792  11796  11801  11809  11814  17175  17185  17198  35367  35374  35392  37750  37759  37770  39269  39277  39290 
Cell#066  246.9  103.4   029 :   5657  5681  5687  5706  5723  22349  22986  25767  25774  25780  25786  25791  25800  25826  26035  30146  30154  30164  30171  37750  40008  46376  46382  46387  46418  64251  64265  64290  64328 
Cell#067  246.9  080.4   023 :   1192  1206  1223  1440  9132  9138  9149  9153  9169  9457  11795  16142  17174  37750  39269  53230  53236  55817  55827  55835  55846  55907  56287 
Cell#068  255.5  068.9   016 :   11772  11781  11789  11813  12271  12276  17168  37750  37758  38257  38274  39264  46369  46379  46389  46399 
Cell#069  261.3  132.1   001 :   64630 
Cell#070  264.1  086.1   061 :   1215  4363  4371  4562  4572  4580  5931  5973  6008  13428  13437  13444  13449  13972  13981  13987  13997  17174  17182  25011  25021  25070  27587  27595  27603  27613  28306  28309  28314  28327  31519  31533  37748  37758  37768  37799  39266  39302  40439  40456  40678  40687  40825  41875  41893  44291  44297  44312  44322  44332  50990  50998  51006  51637  56280  56285  56291  56947  56957  56967  56999 
Cell#071  269.9  043.1   010 :   17174  17181  35373  35392  37752  37756  37774  39265  39273  39282 
Cell#072  272.8  129.2   003 :   1052  1158  1204 
Cell#073  284.2  034.5   113 :   2314  4074  4100  4358  5858  7776  7814  8071  8107  8278  8764  8979  9482  9524  12309  13799  14118  14329  14481  14717  16324  17172  18633  19703  20229  20837  20904  21389  21430  21489  21553  24107  24121  25163  25188  26270  27984  28063  28169  28306  30877  30907  32210  32356  33838  34239  34490  34531  34850  34906  35024  35116  35279  35342  35360  36210  36370  37476  37752  39267  40348  40489  40906  41132  41591  41922  42147  42304  42331  44293  44312  44854  44860  44981  46395  47343  47363  47458  48029  48511  49102  49200  49230  50134  51055  51069  51271  51331  51343  51412  51447  51484  51728  51850  51932  52831  53073  54632  54717  54765  55875  56130  56300  57059  57574  57652  60755  61657  62283  62441  62490  64630  64847 
Cell#074  284.2  132.1   025 :   5990  6006  6016  6035  16138  17163  17196  30215  30248  30743  33014  37468  37755  39791  40425  40444  40495  40540  40597  46517  46537  47998  48015  48039  48090 
Cell#075  284.2  109.1   032 :   11275  11297  11451  13239  15376  16146  17176  22705  22710  35340  35844  37460  37472  37758  39791  40122  40151  40161  40178  46484  46493  59673  59690  59706  60355  60386  63194  63205  63225  64637  64685  64696 
Cell#076  287.1  077.5   262 :   816  2307  2313  2326  2338  4073  4078  4086  4356  5314  5843  5851  5859  5867  5887  6975  7777  7783  7789  7796  8071  8080  8090  8763  9485  9526  9542  9554  11276  12305  12329  12357  12700  13799  13811  13817  13828  14128  14135  14160  14326  14331  14342  14363  14398  14667  16140  16316  16323  16333  16348  17651  18633  18640  18646  18671  19705  20220  20227  20237  20834  20841  21388  21394  21401  21418  21453  21462  21467  21554  24100  24105  24110  24111  24131  25160  25170  25180  26269  26275  26287  26295  27982  27988  27996  28048  28072  28170  28370  30869  30877  30883  30888  30900  32080  32094  32212  32348  32354  32362  32380  32425  33838  33845  33858  34496  34507  34517  34525  34846  34905  35025  35281  35341  35350  35665  35818  35840  36066  36374  37470  37750  39268  40351  40358  40364  40371  40899  40910  40920  40926  41146  41157  41165  41171  41370  41598  41605  41690  41922  42018  42132  42306  42311  42318  42343  44311  44360  44853  44861  44872  44978  44990  45062  46397  46407  46412  46419  46443  46487  46528  46534  46541  46565  47338  47344  47354  47360  47366  47367  47454  48029  48031  48051  48394  48502  48514  48521  48841  49106  49127  49204  49210  49217  49223  50135  51056  51062  51068  51076  51087  51232  51274  51329  51414  51453  51477  51503  51729  51747  51856  51862  51990  52015  52077  52181  52234  52829  53070  54716  54724  54741  54749  54758  55871  55882  55886  55894  56297  56304  57057  57078  57085  57111  57563  57570  57580  57584  57605  57650  57681  58113  58373  59675  60360  60743  60753  60761  60767  61655  61666  61680  62281  62291  62313  62335  62439  62449  62453  62459  62743  63194  64631  64637  64644  64652  64656  64693  64851  64856  64942  64982 
Cell#077  295.7  143.6   073 :   416  440  459  483  1042  1050  1068  1106  1216  1373  6758  6769  6777  6794  6831  17174  17210  19342  19359  19375  19394  19407  19426  19448  19470  19518  19560  19631  19698  19745  20050  31122  31141  31380  31391  31397  31403  31414  31517  33287  33313  37653  37661  37764  40919  42988  43010  43025  43048  43073  43438  43448  48309  48317  50074  50115  50133  50169  56301  59159  59176  59265  59281  59328  59340  59361  59881  59897  59905  59933  63202  63214  63241 
Cell#078  301.5  183.8   011 :   5972  5985  5992  6019  16076  16145  17173  32421  54939  54943  54960 
Cell#079  304.3  040.2   068 :   438  450  463  968  976  1001  1034  1039  3366  3382  6497  6505  6777  6786  7661  7671  8036  8047  17172  17177  19338  19346  19353  19361  19366  24295  24301  24331  31124  31132  31139  31145  31150  32618  32624  32637  33289  34400  34410  37652  37675  40112  40132  43016  43026  43034  43040  43431  43436  43443  48307  48316  48357  48448  48453  50068  50078  50133  59145  59158  59163  59285  59290  59303  59317  59330  61323  61345 
Cell#080  304.3  157.9   002 :   17174  37753 
Cell#081  307.2  126.3   010 :   17174  17180  28299  28305  28325  31234  31258  48296  52644  52713 
Cell#082  307.2  060.3   039 :   439  449  495  664  724  959  1030  1086  3365  6498  7661  7692  8042  17172  17179  19348  31124  31134  32610  32628  33297  34398  37652  37754  40116  40131  43004  43024  43425  43444  48313  48450  50066  50132  59145  59275  59291  59322  61327 
Cell#083  310.1  103.4   015 :   7662  12494  12499  12505  17176  17196  19330  22077  26634  26648  31237  31249  31262  39268  64993 
Cell#084  318.7  183.8   000 :  
Cell#085  318.7  117.7   007 :   17172  32465  32475  48265  48275  48286  48527 
Cell#086  324.4  054.6   004 :   17173  37462  37480  50121 
Cell#087  327.3  080.4   000 :  
Cell#088  333.0  134.9   057 :   1467  2251  9255  14930  14942  14950  17173  17197  21302  21420  22201  22214  22687  22704  22722  23303  26299  27883  27892  27921  28008  29746  29756  29953  29968  30034  31292  32087  32099  32214  32409  32445  32477  34238  34252  35372  35377  37752  37756  37775  40273  40283  40300  40487  40626  45120  45130  45212  48280  48296  50131  50137  50153  56280  56290  56304  56329 
Cell#089  333.0  117.7   100 :   1447  1465  1673  1681  1824  2135  2251  2271  4609  6613  7377  7390  8448  9035  9248  13165  14479  14498  14929  14937  15009  15740  16137  16328  16850  17172  17181  18728  18753  18777  18841  20236  20831  21235  21305  21401  21412  22689  22708  24711  25016  25034  25268  25989  26012  26300  27225  27272  27876  27889  28004  28248  28279  31287  31296  31920  31940  32089  32412  34238  34244  35370  35480  36017  36036  36124  36167  36223  37751  37757  38467  38477  40280  40492  40523  40619  40626  42410  42653  42668  45118  45130  48284  48292  49087  50119  50135  52164  52504  52540  56279  56303  56830  58643  58661  62186  62793  62818  63791  63807 
Cell#090  335.9  028.7   010 :   17170  17178  18516  37287  47991  47997  48007  48040  61530  61536 
Cell#091  335.9  155.0   037 :   17173  17183  17195  19372  19377  19382  21026  21033  21039  21052  21420  21442  22692  27563  27578  28268  28285  28296  28305  28317  28334  28444  37472  37485  37534  37754  39269  39291  39792  39807  42005  42026  44696  51920  51929  51936  51946 
Cell#092  344.5  091.9   025 :   3728  3737  12254  12262  12768  16135  17168  17176  17191  18337  18364  26250  26267  26610  33022  34111  35368  37756  39266  39792  39801  51857  61346  61882  62075 
Cell#093  344.5  134.9   060 :   456  474  536  585  748  805  982  1324  6256  6266  6299  6774  6780  6805  7190  7196  7653  14928  14950  16139  16225  17174  19336  19343  19351  19371  25042  31131  31145  31153  31297  31351  32080  32088  32101  32109  32115  32620  32644  33322  37746  39263  39271  39276  43442  43469  43573  48309  48331  50076  50103  50129  51850  51868  51956  59319  59325  59334  60027  60037 
Cell#094  353.1  043.1   010 :   17172  17178  17184  37755  37760  39268  39278  50134  50139  50145 
Cell#095  356.0  201.0   016 :   10134  10159  10201  10302  17167  21958  21984  22020  22083  22507  46829  47984  48031  49087  56231  56247 
Cell#096  356.0  120.6   029 :   591  1465  2526  2537  7194  8806  8840  11774  12699  16133  16140  17172  17178  25043  27272  27413  28306  32105  37752  39271  39786  51856  52064  52071  56232  56237  56243  60027  60715 
