Total No of Frames = 65000  (1 frame = 2 msec)

Cell No.   X      Y    N_Spikes  Frames
Cell#001  005.7  126.3   022 :   7737  7748  33877  33888  33901  33915  33928  37100  38015  39361  39373  39404  40671  40688  40717  44982  45009  45018  45031  64153  64831  64843 
Cell#002  005.7  063.2   053 :   879  895  907  8530  8541  9608  9997  10172  11758  20905  23905  23920  24020  26125  28270  29337  29347  29362  29458  30007  30126  30154  31692  31721  32192  33497  33584  34400  34470  40363  40379  40414  43647  43724  43752  54367  54494  54586  54730  54742  54903  55012  55818  55864  56247  58547  59124  59131  61128  61159  64473  64494  64829 
Cell#003  005.7  155.0   006 :   3154  3167  7740  39403  40389  45254 
Cell#004  011.5  086.1   019 :   2159  2174  12006  12015  12029  13967  13987  14281  14288  38800  43882  50703  50715  50731  57987  57996  58010  58025  61473 
Cell#005  014.4  114.8   058 :   2104  2136  7676  7688  7735  7995  8010  8107  11095  15265  15279  15292  15304  15461  16518  16687  17970  17987  17996  18152  18372  23822  23843  23906  23937  34831  36996  37109  39404  40698  44396  44554  44648  44739  45007  45016  45029  45043  45054  47142  47156  47657  48071  48084  48118  48232  48247  52249  52263  52281  58662  60047  60063  60078  60110  61304  61353  64831 
Cell#006  028.7  103.4   015 :   295  2156  12012  12106  13965  39406  43664  43675  43869  50697  57986  60185  60199  60212  60229 
Cell#007  034.5  149.3   021 :   10219  10237  10270  12248  12283  21757  22200  23112  31953  39402  42998  44291  44867  44890  44903  44918  44940  46608  46624  50178  50204 
Cell#008  040.2  068.9   008 :   21606  22681  22740  22877  28116  28135  31676  31744 
Cell#009  045.9  086.1   018 :   28034  28800  28813  28825  28840  28869  29269  29839  29978  29994  33562  37201  37211  37224  37237  59563  59579  63848 
Cell#010  045.9  103.4   048 :   681  886  902  914  941  1253  1966  2030  8564  9269  9310  9415  9429  9447  15295  16515  21418  21432  27454  28028  28805  32969  36994  37206  38983  39007  39015  39147  39426  40456  40623  48875  48889  48917  48931  49014  49659  52722  58482  58491  58507  59557  59863  59906  60005  60207  63840  63856 
Cell#011  054.6  074.6   019 :   12234  18383  18541  18568  22166  30707  30721  30749  35066  35073  35080  35091  35107  41235  46778  46788  46795  46810  50701 
Cell#012  063.2  057.4   014 :   7110  14214  21429  21445  22162  22189  36708  39402  40795  41234  42165  44130  44700  52356 
Cell#013  063.2  071.8   030 :   411  6805  6819  7099  7140  13388  13395  14209  14220  21432  21445  22154  22167  22181  28306  28320  36720  39404  40795  41232  41240  42167  44127  44700  44706  44743  52358  59473  63284  63291 
Cell#014  066.0  091.9   031 :   6998  7024  18387  18392  21440  22153  25963  25973  26029  29476  31934  32031  32046  41657  41662  41688  41838  43069  43349  43357  47880  47886  47895  48367  48375  48384  48390  52284  52721  52740  58681 
Cell#015  077.5  077.5   044 :   5034  5040  5050  5060  21608  21904  21974  21988  22143  23009  23446  23457  25854  27722  29782  29791  29806  29958  33564  39371  39386  39399  43831  43852  43882  44705  44712  45660  45671  45686  49089  49104  49194  54389  56449  56459  56468  56488  56814  62030  62043  62937  62944  63860 
Cell#016  080.4  063.2   019 :   3209  4914  10968  14173  14186  14199  17741  17754  25084  25095  34029  34117  34266  39402  40242  40252  44235  56005  56020 
Cell#017  080.4  043.1   014 :   3128  3222  6672  10177  10185  10195  10208  22786  43220  43231  49300  52277  52288  56227 
Cell#018  083.3  034.5   030 :   3121  3129  3138  3207  6676  7740  9913  10178  10193  10199  10517  15203  15218  15232  15258  20520  27718  39373  39408  40986  41057  43217  43223  49294  51988  52272  52286  53004  53781  56234 
Cell#019  089.0  071.8   082 :   3035  3047  7087  8490  8498  8508  8522  8578  8875  9068  9084  9175  9214  9252  9306  18934  18961  19073  19086  19176  19450  19463  20133  20444  20613  21065  23009  23022  23761  23767  23775  26050  29389  29764  29775  29789  31344  31351  31365  32886  32897  32915  34774  34927  34933  38707  39027  39037  39112  39397  40111  40322  40334  45490  45502  49311  49471  49626  50170  50329  50715  51126  51965  53683  54455  54698  54710  54719  54727  54740  54915  56246  56319  57294  57311  60860  61164  61204  61357  61375  64474  64488 
Cell#020  094.7  040.2   042 :   2246  2255  2267  2282  10397  10408  11165  11176  11685  15000  15015  15126  17042  18524  18539  18553  18567  18763  21444  26795  29579  29955  30135  30687  30693  30708  35052  35064  35072  41356  41432  41806  41818  41830  53672  55284  55291  56472  56481  56491  64424  64434 
Cell#021  097.6  054.6   051 :   2247  2264  7085  7092  7505  7513  7526  7539  7553  8272  10398  11168  11688  18517  18544  18772  18785  18799  21451  22531  22551  22561  22567  22580  22596  23127  29583  29959  30685  30699  34052  35052  35058  39404  41435  41808  42493  42507  42522  42533  49081  49097  53679  55279  56471  59902  60215  60223  60238  60249  64424 
Cell#022  109.1  066.0   028 :   6533  8646  11388  12238  15372  18021  18035  18050  23149  28719  28738  33604  39404  41214  41232  41241  47587  47593  49897  51010  51283  51621  51817  51838  56330  58663  58676  63963 
Cell#023  120.6  037.3   021 :   247  8644  11390  15376  18818  23149  28718  33601  39401  39410  41213  47587  49890  51007  51280  51619  51809  53254  56326  58664  63964 
Cell#024  120.6  071.8   134 :   250  258  273  488  1185  3176  3896  4448  4696  4742  5857  6317  6435  6739  6905  7663  7674  8881  9989  10045  10268  10646  10886  11155  11388  12264  12746  12848  13312  13594  13805  14126  15030  15374  15631  15898  16311  17510  17788  18487  18696  18831  19553  19995  20008  20016  20722  21779  22351  22407  23128  23687  24049  24270  24505  24960  25673  26903  27222  27773  28163  28708  29164  29293  29622  30165  30191  30543  30992  31849  33390  34035  34262  35036  35876  36385  37079  38010  39401  39567  39859  40076  40197  40303  40396  40514  40994  41267  42459  42781  43035  43951  44536  45179  46938  46965  47462  48590  49878  49971  49983  50234  50367  50772  51234  51365  51896  53577  53704  54181  54198  54210  54308  54431  54449  55463  56834  57011  57592  58015  58039  58653  58665  59446  61862  62225  62475  62785  62810  63175  64237  64447  64600  64782 
Cell#025  120.6  086.1   272 :   481  534  1163  1203  1239  1259  3175  3189  3689  3707  3897  3916  3966  4448  4466  4700  4753  4841  5862  5877  5905  6313  6323  6350  6441  6738  6906  6913  7553  7588  7655  8294  8874  8888  9961  9994  10059  10090  10274  10288  10636  10649  10679  10890  11149  11171  11294  12249  12275  12737  12744  12759  12856  13588  13806  13835  13961  14122  14889  15033  15125  15353  15382  15398  15629  15900  15988  16296  17491  17505  17533  17690  17767  17784  18022  18037  18477  18493  18564  18686  18699  18827  18891  19555  20004  20523  20575  20605  20728  21773  21793  21946  21979  22008  22078  22400  22809  22823  23135  23677  23689  24043  24279  24376  24405  24502  24526  24594  24794  24944  24957  24971  25138  25679  25708  26911  26929  26984  27220  27298  27350  27783  27814  27877  27926  27984  28191  28571  28706  28719  29172  29299  29324  29573  29626  30531  30842  30956  30990  31002  31033  31841  31851  31869  31906  33396  34012  34042  34184  34253  35036  35870  35884  36392  37071  37107  38015  38027  38062  38488  38920  38960  39404  39561  39576  39645  39742  39859  40071  40112  40243  40310  40405  40517  40984  41011  41266  41280  41535  41635  42456  42467  43030  43041  43053  43958  43973  44034  44151  44524  44543  44571  45173  45191  45222  45261  46914  46944  46957  47477  48119  48138  48160  48594  48608  48775  48789  48887  48980  49788  49851  49870  49963  50228  50362  50373  50780  50953  51235  51243  51274  51386  51888  51917  53569  53710  53750  53785  54181  54437  54449  54894  55229  55238  55250  55398  55422  55466  56743  56787  56829  57020  57072  57098  57494  57590  58012  58033  58051  58654  59448  59469  61506  61589  61673  61862  61872  61886  61925  62323  62481  62495  62791  62804  63168  63196  64225  64244  64676  64685  64789  64802 
Cell#026  132.1  045.9   052 :   2919  3132  3899  5189  8623  9825  11626  11657  11711  13809  14180  14402  22952  22969  22984  26587  27670  27683  27696  27927  29863  32987  34192  34357  34834  35861  38006  38275  38285  38480  39402  39766  39773  40394  41589  41625  41686  42777  42861  43461  43541  45210  49085  53275  53907  54006  58528  59938  60376  60724  61959  62222 
Cell#027  132.1  068.9   095 :   3129  3269  3276  3286  3301  3382  6245  6252  6258  6315  6455  6993  7214  7245  7967  7980  8028  8051  9118  11164  12572  13307  13317  13325  13338  13497  13809  18194  18248  18808  18834  19278  19284  19297  19439  19494  19507  23855  27400  27430  27555  29780  29861  29874  29913  29950  30692  33862  33882  34823  34830  35873  35890  36352  36360  36380  36453  36549  36604  36722  36759  38352  39403  41428  42781  42791  43264  43294  43447  43458  43476  43491  45662  46012  46414  47040  47071  53277  53294  53321  56372  56877  57118  58524  58530  58537  58845  59927  59949  60719  60730  60756  62230  64175  64235 
Cell#028  152.2  040.2   048 :   1154  1447  7833  7904  9102  9169  9238  9805  13003  13434  15349  16185  16677  18213  21778  23841  23862  27936  31243  31362  34642  34752  35193  35777  37666  38058  38427  39402  43448  44537  44549  44565  45617  45703  47367  50110  51911  52063  55825  57803  60151  60260  60485  63847  63890  64351  64712  64856 
Cell#029  155.0  068.9   059 :   1447  1458  1482  8616  8875  8905  8948  9062  9169  9199  9420  9678  9692  13436  15350  15362  27388  27934  28006  28073  28308  29541  29636  31245  31256  31267  31282  31326  34767  34780  34795  34950  35186  35208  35220  35443  36271  39383  39400  39737  39745  39776  40379  40392  40475  40527  41950  41958  41975  44537  44547  45617  45635  45660  56564  56878  60149  60167  62247 
Cell#030  160.8  106.2   033 :   1452  1458  2448  3927  4324  4352  8871  9061  9188  9670  10455  10489  11355  26263  26298  31243  33031  33876  34784  35183  38188  39377  42158  44546  44947  45616  45649  46606  59274  60143  62849  62881  64157 
Cell#031  166.5  097.6   045 :   903  1083  1172  1446  2444  3924  4329  7172  7414  7440  8905  9682  10405  10457  11351  11483  13811  14735  19134  19329  20946  23861  23911  23994  24009  26287  26328  26370  27922  33880  36381  39384  46626  51045  52161  54910  55205  55526  56794  56984  59266  59364  60246  62859  62883 
Cell#032  166.5  086.1   070 :   3928  3946  4314  4320  4330  4342  7436  7444  10452  10460  10468  10494  11359  11383  18947  18959  19108  20931  20944  20954  21023  24003  24081  24826  26273  26281  26290  26295  26324  33042  33050  33061  33878  33891  33905  33961  36397  37969  38079  39380  39408  41954  42152  42162  42173  42189  42684  46610  46617  46624  46638  51241  51249  51291  52165  52176  54241  55525  55532  55548  59262  59273  60247  60255  60323  62859  62863  62877  62884  62891 
Cell#033  172.3  063.2   065 :   374  387  395  3424  3440  3511  6119  6131  9667  9694  9943  10139  11859  12234  12250  13205  13226  14920  14930  15387  15771  15787  15797  24828  24836  24845  24850  24864  26395  26402  26411  28350  28363  31148  31156  38950  38967  39398  39422  40181  40194  40205  40215  40222  41432  41444  49787  49807  49813  51979  52006  53615  53654  55527  55537  55550  55564  60257  60263  60332  62863  62885  63848  63858  63902 
Cell#034  183.8  023.0   035 :   1199  3132  12539  12566  14473  14479  14490  14504  14519  14546  22783  22796  22812  34799  34812  34829  39392  39401  39407  42948  42957  42971  42986  46800  46822  50228  50243  60854  61943  61958  62246  62666  62674  62689  62707 
Cell#035  183.8  040.2   032 :   1197  3128  4294  10796  11685  12543  14473  22782  34796  35003  35753  35765  35794  35919  39402  42949  42980  43242  46604  46801  48568  48594  48747  50229  53644  60853  61789  61802  61925  61943  62675  62743 
Cell#036  189.5  060.3   062 :   2427  2433  2442  2448  2461  6117  6124  6132  6140  6146  6160  6174  9601  9608  9615  9626  9639  9652  9666  16273  16282  18107  18121  18127  18135  18149  25377  25391  25405  25420  25433  36378  36386  36394  36408  36421  39046  39064  39396  42261  44707  44717  46608  46627  46656  46781  46977  47000  47020  47036  47048  47063  47077  51556  51570  64083  64097  64110  64115  64124  64136  64165 
Cell#037  192.4  074.6   044 :   1438  1452  1466  2425  6117  6138  9608  9616  10407  10770  10790  16271  16701  18113  18127  21768  21783  21838  25380  25413  26562  27845  27852  30245  30253  30282  30434  36378  36400  36679  36706  39048  39404  39418  42256  44703  46778  46983  46998  51552  58762  61806  64087  64112 
Cell#038  201.0  028.7   047 :   2128  2441  7447  14661  14673  14699  15145  15163  20550  26792  29018  29036  29044  29052  29078  36524  36658  36870  38184  38221  39395  39408  39550  42867  43245  43606  43620  44911  44926  44934  44955  46033  46053  47724  50430  50444  55604  55618  56189  56656  56893  59074  59099  59113  62101  63805  64093 
Cell#039  201.0  043.1   078 :   1269  1443  1460  2123  2137  2150  2427  6132  7262  7278  8544  8640  10409  10774  14515  15240  15262  15283  16274  18112  18855  19234  19262  19306  19472  19571  19681  21442  21465  21621  21769  25272  25285  25300  25373  25403  25592  25606  25620  25886  27860  30248  35558  35572  35670  37415  37493  37517  37546  37558  39380  39404  43620  43628  44569  44591  44701  45412  45433  46604  47731  47747  47781  48577  48593  49623  50792  51003  51286  51398  56891  58760  59235  60278  60296  60331  61804  64089 
Cell#040  203.8  083.3   024 :   1160  4138  8681  8701  19676  20968  20983  38559  38586  38602  39404  41996  42011  42761  47204  47231  56598  56605  56755  59642  59811  60755  63726  63741 
Cell#041  206.7  063.2   060 :   4140  8685  8692  8699  8706  8735  19215  19424  19680  19686  19701  19730  20969  20985  20998  21012  21033  26343  29154  34608  34768  34864  38565  38573  38583  38590  38596  38605  38617  39336  41992  41998  42005  42015  42027  42041  42056  42765  47210  47223  47232  47260  49626  51237  56598  56612  56628  56718  58361  59646  59658  60754  60815  63518  63726  63732  63739  63747  63761  63803 
Cell#042  212.5  048.8   028 :   459  1833  1846  4134  18133  19675  20674  20881  20913  20968  21010  35366  37646  38571  39377  39402  41729  41798  41995  43729  45761  53278  56597  57289  57303  57369  62222  63726 
Cell#043  218.2  040.2   039 :   43729  43738  43747  43763  43942  45357  45761  45768  45879  46175  49345  49764  51370  51965  52540  52558  53272  53284  53312  53817  53839  57255  57286  57293  57300  57307  57314  57330  57552  57784  57940  58399  59848  60482  60491  60528  60590  62219  62289 
Cell#044  218.2  063.2   080 :   445  458  1153  1166  1282  1831  1881  6118  6302  6919  7647  7663  7676  7771  8877  8978  16220  17526  18132  20658  20903  22610  22618  22701  22715  24566  32506  32521  32538  32978  33586  33686  34832  34955  35370  35735  36541  36548  36562  36575  36592  36704  37653  39314  39384  41733  43728  44731  44748  45759  46156  46195  46853  46879  47525  51969  51981  52050  52533  52556  52586  53279  57286  57303  57329  58380  59365  59377  59389  59405  59810  59826  59952  60474  61793  61800  61814  62014  62043  62219 
Cell#045  223.9  080.4   073 :   1268  2451  6226  6238  6802  6818  6998  13817  15382  18137  18202  26048  26061  26561  26966  29165  29189  32529  32547  32560  32603  34815  34870  36640  36653  36670  39379  39391  39406  40187  40554  40561  40636  44125  44139  46693  46706  46721  48603  49027  49056  49077  50447  51616  51627  51641  51933  52004  52903  52923  52979  59677  59689  59709  60345  60369  60378  60389  60405  60420  60435  60620  61362  61390  61947  61981  62296  62345  63952  64098  64133  64566  64580 
Cell#046  226.8  048.8   076 :   451  1846  1859  6906  6915  6998  7654  7667  7673  7683  7690  7711  7766  8876  8884  8974  16221  17536  20678  20901  22608  22618  22625  22638  22695  22710  22725  22739  22751  24569  24584  32974  32980  32993  33688  35366  35729  35743  35769  35786  36542  39321  39335  39349  39364  39377  39406  41729  45763  46158  46173  46184  46190  46205  46219  46233  46247  47523  47539  47549  51969  51981  51989  52533  52541  52553  52561  52577  57290  57303  58376  59812  59820  59827  59845  59861 
Cell#047  238.3  074.6   068 :   3438  3446  3454  3462  3574  6434  9146  9174  9396  9402  9410  9426  9439  14668  14681  20768  20783  20824  20880  27972  27982  27997  28014  28024  28036  28494  34083  35966  35980  36555  36568  36582  36610  39051  39058  39070  39084  39098  39401  40558  40620  43253  43265  43517  43582  44123  47087  47112  47154  51001  51009  51631  52079  52099  52911  53046  61353  61358  61372  61378  61491  61503  61519  61803  61856  62480  63873  63957 
Cell#048  246.9  023.0   042 :   1156  1178  7626  7642  8521  8532  8561  9941  17509  17514  17646  17854  20636  20662  20980  21315  21325  21399  24942  24959  30459  34945  34965  39331  39395  43616  43635  43746  47895  47909  47922  47938  50131  62955  62963  62976  63171  63310  63861  63875  63968  64099 
Cell#049  246.9  089.0   054 :   1166  1173  1285  1312  3523  3538  9327  9431  9441  9446  9460  12472  12481  12568  12611  12702  13812  20875  20881  20899  21154  32538  35757  35763  35776  35790  35875  36031  40090  40241  40441  41941  41951  41960  42042  42167  46334  49228  49646  49654  49663  52278  52292  52336  53703  58539  58551  58622  60250  60467  60481  60745  62224  64267 
Cell#050  246.9  037.3   010 :   8527  9394  16576  17499  17531  18140  19332  26045  39371  63868 
Cell#051  249.8  057.4   029 :   3436  3452  9145  9208  9391  9396  9408  9431  14672  20776  27976  28002  28015  35972  36553  36674  39050  39062  40556  43252  43879  47091  61349  61361  61495  61537  61801  63872  63886 
Cell#052  255.5  071.8   044 :   1313  1329  1343  3537  3554  3649  3663  9429  13789  13798  13812  13849  20869  20893  20922  32529  32536  32542  32550  32557  35755  36032  36064  36077  36092  36139  39404  40237  40330  40442  40563  40610  53701  53733  53792  58536  59253  59264  59276  59299  60252  60270  60307  60479 
Cell#053  261.3  094.7   064 :   3060  3074  3108  3123  3191  4198  9617  9623  9638  9647  9711  11526  11541  12072  12086  12102  12364  12501  18025  18040  18053  18070  18089  23115  23128  23141  25471  25477  25486  25493  25507  27045  31624  31636  31656  31677  31710  32298  38164  38623  41958  42009  42996  43007  43020  43091  50764  50802  50866  50972  51041  51047  51625  51666  52959  52972  52980  52994  53200  61666  64051  64063  64072  64128 
Cell#054  275.6  068.9   033 :   3935  3951  20503  20513  20528  20547  21020  21080  21089  27044  27051  27060  27072  27078  27088  27115  27839  35192  35197  35210  35224  35239  35364  44132  44270  46813  46830  52076  58724  61664  61676  61685  61698 
Cell#055  275.6  020.1   049 :   522  534  549  564  1309  1318  1331  1344  1361  3542  3556  7831  7843  7849  7864  8005  16977  16986  16997  17058  21120  21162  23024  23044  23049  23056  23088  27080  27094  27107  39019  39029  39045  39088  39404  39423  44050  44059  44072  44085  58688  58701  62321  62361  63956  63970  63981  63996  64010 
Cell#056  281.4  054.6   014 :   9143  19116  19136  20501  27052  27067  33359  35186  35200  37989  39402  53889  61678  64424 
Cell#057  284.2  094.7   060 :   2451  3927  3939  3960  5922  5928  5955  6089  12731  12740  12755  12781  13000  13200  18884  18895  18908  18937  22438  24576  24589  25720  25728  25751  25763  27402  39095  39402  39414  40517  40532  40545  40561  40575  44060  44071  44078  44093  44104  52084  52095  52123  52154  52168  53742  53760  53781  57234  57352  57603  60050  60085  61324  61342  61356  61369  61781  61788  61801  61810 
Cell#058  292.9  074.6   049 :   1160  2444  2460  2534  3931  4154  5918  8999  12731  12738  12745  13545  18883  21121  22414  22442  22469  25715  27406  27453  28415  28715  31891  35883  35969  36514  39407  40507  40538  44056  44070  44097  52085  52121  53735  53753  57247  57603  59804  60043  61328  61347  61355  61369  61504  61779  61790  61805  61829 
Cell#059  295.7  094.7   087 :   7624  7637  7654  7733  7777  7825  7844  7863  7872  7886  7898  7946  8040  8082  8202  9921  16040  16054  16079  16106  17510  18475  18503  19821  19898  21231  21248  21267  21337  21355  21919  25576  26197  26214  26322  27393  28195  28228  28338  28368  28697  28822  28836  29212  29241  30720  30780  31874  32283  32299  32386  32429  32450  32470  32535  33210  33226  33237  33252  33322  39399  39414  41847  44581  44638  46183  51954  51970  51983  58487  58512  58543  58594  58680  58695  59388  59421  59490  59523  59616  59948  63992  64127  64183  64478  64506  64673 
Cell#060  298.6  149.3   023 :   386  3101  5376  5407  31792  31803  31849  31916  32331  32365  37422  39398  40289  40320  50508  52975  53036  53432  53905  56235  56268  61665  62254 
Cell#061  304.3  063.2   025 :   8979  8994  9006  10079  13313  18937  25249  25365  31892  36483  36501  47682  47709  48811  48849  55048  57800  57820  58257  58720  59791  59810  61357  61513  61793 
Cell#062  307.2  086.1   064 :   7623  7690  7830  9907  9930  15280  15372  15617  15629  15712  16037  16044  16077  17511  17553  18480  19820  19833  19841  21235  21336  21379  21622  21917  25572  25584  26044  26198  27389  27399  27471  27484  27514  27737  28199  28210  28239  28700  28780  28823  28843  29210  29233  29247  29275  29331  30707  30812  31874  33204  33221  35204  37309  39397  44595  48607  48618  51961  51978  53796  63959  63986  64041  64678 
Cell#063  307.2  120.6   049 :   3544  9627  9633  9670  11322  11336  11358  11374  11666  12639  12654  12667  12682  17488  17518  17561  26960  26976  27626  27682  27709  31752  31780  35214  36583  36605  39391  39428  39455  40868  40883  40908  41103  41118  41145  41378  41391  41415  48558  48566  48590  48618  48859  49088  49634  62954  62971  63280  63315 
Cell#064  321.6  043.1   001 :   39399 
Cell#065  324.4  086.1   064 :   459  1018  1033  1110  1215  1251  1300  9252  9324  9458  11172  18032  18094  18469  20342  20510  24432  24460  25994  26005  26012  26025  27401  27408  28237  29167  29907  30426  30441  30456  32389  32757  39403  40236  40725  40740  40768  41737  42638  42653  42707  50416  50428  50444  50865  50904  50933  52165  52177  52205  52235  53024  56821  62942  62956  62968  62994  63718  63725  63731  63744  63760  63774  63872 
Cell#066  327.3  097.6   042 :   8283  8301  8327  18867  18894  18908  23892  24593  24603  24634  25232  25258  25275  25286  25300  25315  25425  25914  26125  26140  26443  35210  35474  35488  35502  35616  37413  37419  37436  37614  55491  55501  55634  55655  55707  58395  58408  58419  58427  61783  63611  63836 
Cell#067  333.0  114.8   076 :   79  174  380  904  915  1257  1271  1291  1318  1881  1912  3459  10884  10968  13843  14492  14508  14529  14550  14687  14737  14936  14972  15068  17553  17567  17854  17884  21735  21776  22355  22417  23011  23134  23150  23579  25543  25628  26323  26410  30455  30464  35107  38028  39398  40408  40484  40543  41531  41572  41621  41725  41734  41747  41804  41922  42822  42835  42847  44765  47420  47573  50501  52512  57003  57023  57868  57981  59945  62081  62655  62683  64362  64432  64446  64794 
Cell#068  333.0  068.9   071 :   1017  9459  9479  11170  11187  17781  17959  18009  18030  18051  18061  20431  20506  20527  20542  21881  22782  22797  22807  24430  24437  24443  24455  25992  26030  29160  29167  29172  29181  29294  30433  30440  30452  30462  30727  39402  40242  40251  40724  40732  40746  40758  40774  40802  50414  50862  50869  50882  50912  51015  51817  51832  52177  54958  55111  56820  56827  56839  56857  56940  58683  62944  63725  63738  63779  64802  64820  64828  64843  64885  64927 
Cell#069  333.0  160.8   000 :  
Cell#070  335.9  140.7   091 :   1442  3804  4909  4930  4938  4987  5056  5180  5346  7006  7016  7055  7145  9677  9705  10402  10446  10773  10801  11469  11494  11550  12901  13063  13075  13095  13235  13354  13381  13859  14491  16211  17198  17510  17536  22375  22431  22782  24753  24864  24932  24948  25013  25762  25823  28607  28681  28814  28823  28875  29012  29022  30649  30704  30941  31174  33104  39380  39400  39422  41608  41633  42751  42761  44506  47482  50528  50541  50572  51515  52091  54753  56274  56616  56720  56749  56791  58288  58347  58372  58872  58906  61945  62816  62865  63638  63715  63743  63780  64681  64748 
Cell#071  338.8  083.3   040 :   6444  6482  6512  9085  9236  9250  9275  9631  9860  25486  25738  26024  26209  26222  26395  32376  32382  32390  42625  42631  42647  42666  43245  49659  49673  53025  53033  53043  53052  53078  53126  58541  58578  58634  58718  61551  61566  61607  61621  62095 
Cell#072  341.7  094.7   078 :   1275  1287  1302  1325  1971  1990  2010  2052  2108  2420  2455  2480  2662  8276  8467  8476  8492  8499  8540  8645  8868  8881  8899  9637  9686  9700  10401  10425  13786  13807  13833  15274  15281  15296  19829  19843  19957  32510  32931  35000  35016  36648  36763  36988  37410  37424  39403  40093  40142  42913  42937  43078  45350  45362  45378  45388  46020  50141  50277  50779  50788  50829  51608  51626  52312  55490  55711  55722  55852  56504  56547  57602  58394  58408  59517  59542  59662  61789 
Cell#073  344.5  126.3   057 :   4399  4457  4929  5958  5970  6094  6333  7447  7467  7552  11728  13865  14498  14508  14610  15378  15638  15994  16021  22775  22823  24201  26085  26264  26441  26731  26743  26756  26954  26980  28831  29554  32220  34456  34485  39404  39415  44129  44837  52198  52211  52227  52314  53565  53589  54728  54744  54751  54787  55846  55859  58757  61941  62168  64234  64240  64672 
Cell#074  347.4  074.6   028 :   3945  5185  6447  9237  9246  9632  9674  25480  25512  26210  26334  32382  32449  39404  40466  42626  42646  42731  49664  51334  53026  53034  53084  54459  55425  55655  58545  61554 
Cell#075  356.0  023.0   000 :  
Cell#076  358.9  120.6   087 :   4928  5138  5158  5185  5211  6231  6246  6412  10778  10801  11073  11085  11101  12888  12907  12948  12961  12976  13046  13083  13109  13862  14502  15375  15636  15646  17358  17401  17500  17510  17647  17671  17735  17762  23789  23993  24007  24019  24034  26084  26262  26739  26964  27923  28231  28243  28691  28717  29545  30250  30376  30388  30402  30412  31138  31147  32151  32159  36344  39402  41144  41243  41296  41317  41360  41652  41940  41946  42548  42578  44118  44837  54743  54826  55348  55374  56015  57133  57139  57152  57186  57694  57751  57766  58760  63175  63595 
Cell#077  361.8  143.6   063 :   254  541  564  641  740  2394  2762  2945  2964  2977  3004  3114  3166  3755  7002  7010  7019  7027  7035  7085  7180  7238  11348  11358  11370  11411  11427  11445  11473  13249  13270  13321  15641  17473  17480  17499  17524  17621  17925  17938  17951  17968  17980  18037  30398  35204  39399  39416  40244  40280  43363  43489  48386  48426  48856  48862  48902  52307  61288  61300  61318  63441  63872 
