Total No of Frames = 65000  (1 frame = 2 msec)

Cell No.   X      Y    N_Spikes  Frames
Cell#001  005.7  103.4   000 :  
Cell#002  005.7  071.8   011 :   17496  17509  23903  34353  34412  34452  34507  34541  34941  42978  48332 
Cell#003  005.7  157.9   014 :   1819  1842  1873  18003  18025  18069  18100  18122  23285  23301  23316  23330  23360  23386 
Cell#004  014.4  183.8   000 :  
Cell#005  014.4  201.0   006 :   38065  38079  38093  38423  38922  63651 
Cell#006  014.4  218.2   006 :   6335  6348  6463  37957  48798  48824 
Cell#007  017.2  114.8   030 :   17506  17529  17546  17588  23863  23878  23885  23900  30820  30860  31071  31085  34037  34356  34384  42983  42990  43020  48236  48255  48347  51607  51666  51706  51806  51950  51959  52001  52086  52177 
Cell#008  020.1  094.7   012 :   28607  29418  29461  29618  34360  34391  34399  34919  34930  34944  34958  35056 
Cell#009  023.0  157.9   013 :   7181  7217  7298  7344  7361  48687  48702  48731  48797  53681  53692  53711  53989 
Cell#010  023.0  071.8   000 :  
Cell#011  023.0  051.7   002 :   39597  63746 
Cell#012  028.7  209.6   058 :   1690  13679  13685  13701  13754  13817  17408  17429  17472  17779  17788  17801  17836  17855  17944  18032  18104  25290  25536  25825  25841  25871  25898  28702  28857  28934  28969  29413  29419  29447  35277  35294  37441  37534  40847  41685  41734  41946  42094  42166  43727  43997  49126  49202  49215  49229  49251  49332  49718  51524  57194  57272  58072  58195  58207  58235  58292  64182 
Cell#013  028.7  034.5   002 :   11557  41735 
Cell#014  034.5  120.6   059 :   3108  3123  3175  3266  6384  6398  6467  6631  6681  6705  6724  6920  6937  7096  7224  7278  7325  12477  12490  12503  12589  18021  18134  18142  23518  23554  23594  23623  23807  23873  26688  28608  28654  42813  42820  42828  42839  42898  48403  48420  48433  48545  48715  48905  48929  50043  50059  50305  59700  59711  59726  59755  59838  62429  62448  62459  62514  62550  62596 
Cell#015  034.5  172.3   045 :   1152  2811  2828  3002  3017  3032  3256  5985  6301  7188  7930  9737  9765  9781  12097  12177  13212  13353  14048  14510  17010  17068  17850  18992  24530  24642  24685  28437  28559  28758  40815  40848  41004  43511  46588  52302  52430  52582  53676  54844  56270  56414  57264  60916  60937 
Cell#016  037.3  094.7   030 :   112  121  130  147  159  173  215  226  243  299  370  399  425  509  8094  16836  21047  21338  21412  39604  53420  53428  53436  53442  53583  54096  54124  54366  54406  63061 
Cell#017  040.2  155.0   037 :   2515  6683  6938  7442  7459  9742  14975  16436  16456  16475  21038  21544  21557  28569  33469  35575  39667  40321  40371  40627  41188  41622  41648  46588  48322  48351  48988  48999  49041  51495  51557  58851  58973  59466  59479  61496  61535 
Cell#018  040.2  068.9   030 :   7041  7046  7367  7373  7858  7868  7881  8092  8099  8106  8251  21103  21108  21120  21135  21163  21344  21372  21385  21402  37387  37396  37480  39590  39600  39633  39869  59470  59481  59501 
Cell#019  043.1  025.8   000 :  
Cell#020  048.8  114.8   049 :   399  2815  2823  2834  2853  2910  2976  2997  3160  3367  6980  6992  7005  9495  9532  9546  9670  15011  15031  15335  18227  18248  27763  27772  27785  28057  28069  28115  35403  35419  35522  35727  35734  35938  36135  36147  36158  36233  36277  36353  52906  52923  52938  59203  59276  59285  59300  59307  59316 
Cell#021  048.8  048.8   035 :   3017  3031  3198  10711  10756  10792  13159  13171  13182  13196  13212  13617  13714  32934  32943  32949  32955  32967  32983  33036  33136  34087  34103  34110  34123  34138  34152  34184  34196  50650  50660  50673  50681  50695  50708 
Cell#022  057.4  077.5   022 :   19220  19229  19251  19272  19283  19308  19380  19436  19480  36246  44613  44619  44628  44638  44709  45089  45098  45110  45130  45143  45152  45321 
Cell#023  066.0  114.8   010 :   2907  10743  10750  10760  10812  10930  30687  30696  30724  30824 
Cell#024  066.0  166.5   050 :   6524  6535  6566  10779  13981  13996  14032  14076  14175  14224  14369  19842  19855  19890  19955  20040  24289  25024  25093  25149  25363  25381  25444  25460  25602  30469  30483  34456  38988  39006  39106  43523  43695  43794  43878  44032  44214  44228  44241  44370  44506  44723  48290  48326  57682  57693  57870  57885  60372  60422 
Cell#025  066.0  094.7   028 :   6703  6714  24368  24378  24398  24618  25736  25748  25754  25762  25778  34969  35001  45459  45469  45478  45498  45528  48349  48370  48378  48860  48875  48890  49035  63427  63441  63448 
Cell#026  068.9  140.7   002 :   13682  28566 
Cell#027  068.9  045.9   042 :   2637  7526  7532  7549  7562  11773  11792  11818  13180  14177  14196  14870  15136  24684  24698  24713  24727  24740  24755  24769  24783  24853  34924  35882  37386  37391  37401  37411  38372  38377  38415  43972  44889  44912  52373  52387  52587  52595  52604  52620  52636  53480 
Cell#028  074.6  074.6   012 :   7511  15135  18980  22103  24343  24685  24711  28601  28721  44889  52641  58094 
Cell#029  077.5  057.4   023 :   2640  2645  13179  13188  13202  13218  14176  14184  14194  14214  24844  24858  24873  24888  34922  34928  34938  34975  35881  35893  35901  35914  35929 
Cell#030  080.4  043.1   049 :   40  53  1001  1008  7525  11775  13179  14184  24683  24698  24711  24840  32976  32984  32997  34419  34430  34472  34924  35887  37391  38376  38383  43973  44875  44885  44902  52384  52582  52611  53405  53998  54004  54011  54027  56211  56233  56441  56490  63694  63701  63720  63734  63860  63871  63877  63887  63901  63914 
Cell#031  080.4  129.2   003 :   10751  48787  48847 
Cell#032  080.4  157.9   027 :   139  144  161  293  15130  21122  21135  21143  25357  25368  25374  39676  39685  39704  43107  43117  43123  43529  43593  43663  43817  43827  43845  59500  59508  64963  64972 
Cell#033  086.1  025.8   001 :   998 
Cell#034  086.1  091.9   011 :   1855  1904  1928  18983  18989  18995  19010  19038  19226  58093  58109 
Cell#035  094.7  132.1   005 :   1752  59098  59107  59118  59133 
Cell#036  094.7  057.4   001 :   53878 
Cell#037  100.5  074.6   019 :   23452  23458  23470  23479  23506  23563  23642  23768  23788  23911  41406  41423  41560  41573  41592  41609  58093  58108  58143 
Cell#038  103.4  112.0   118 :   6526  6538  6552  6568  6580  6649  10606  10613  10620  10665  10719  10731  10744  10764  13993  14002  14037  14062  14103  14175  14187  14226  14246  14268  14283  14313  14346  14382  14413  14443  14462  14550  14620  19728  19734  24969  25037  25082  25099  25128  25140  25156  25185  25373  25389  25440  25604  25768  26313  26323  26387  26451  29272  29295  31458  31470  31487  31513  31581  32918  34124  34420  34443  34468  34478  34661  37703  37718  37727  38966  38978  38993  39082  43885  43894  43910  43929  43965  43993  44012  44023  44066  44090  44217  44373  44398  44429  44500  44513  44556  44653  44752  48213  48258  48276  48296  48316  48353  48377  48420  50627  50644  50657  57635  57659  57692  57872  57901  58039  58100  60323  60349  60367  60420  60448  60577  60633  63311 
Cell#039  103.4  017.2   011 :   8184  17994  18002  18146  27768  27774  37375  56338  56346  56376  56417 
Cell#040  103.4  172.3   055 :   2715  2755  9296  9321  9589  18715  18722  18768  18799  18823  18856  18927  19006  19144  19160  19173  19721  19738  19749  19762  19790  19822  24518  24534  24548  24560  24577  24592  24606  24633  24676  28393  28899  28908  28957  40323  40354  40819  40838  40848  40867  52400  52426  52436  52546  52728  52801  52843  57744  57754  57762  57789  57909  57944  58117 
Cell#041  109.1  203.8   018 :   20494  20511  20567  21754  21767  21779  39068  39124  40429  40525  46192  46216  46228  48047  50727  50768  59471  62688 
Cell#042  112.0  060.3   045 :   566  572  577  587  751  765  780  809  976  997  1004  1017  1036  5715  5732  5867  6169  6432  8769  13984  16490  16521  16527  24382  24411  24905  24910  24919  24934  24947  28603  34493  34499  34511  34517  34818  34833  34847  34861  34875  38372  49057  54358  54364  54374 
Cell#043  117.7  074.6   046 :   567  572  581  589  603  759  774  785  840  870  970  977  987  998  1027  1079  5714  5734  8767  8773  16524  16529  16796  17118  24378  24406  24909  24915  24926  24937  24950  24967  24983  24997  25010  28607  28649  34495  34502  34518  34533  34813  34840  54358  54370  54424 
Cell#044  117.7  195.2   000 :  
Cell#045  120.6  054.6   006 :   579  749  981  1014  24916  24939 
Cell#046  120.6  134.9   074 :   76  87  6655  6931  6988  17542  17561  17666  18040  18050  27540  27562  27589  27602  27617  34352  34361  34391  34402  34435  34745  37576  37587  37782  37791  37817  37876  38071  43013  43027  43064  43102  43118  43134  43239  43304  43612  43625  43750  43940  47164  47178  47206  47261  47270  47278  47293  47336  47355  47408  47476  47511  47552  47604  47634  47658  56917  56939  56969  56981  57124  57193  57209  57250  62668  62682  62691  62711  62725  62762  62906  63000  63678  63959 
Cell#047  123.5  028.7   014 :   14877  15130  40278  40304  48930  50312  51104  51341  51360  51784  60338  61401  61459  64645 
Cell#048  126.3  103.4   022 :   11525  11546  11555  20722  20735  20804  20853  43301  43316  43333  43376  53277  53285  53294  53450  53577  55641  55648  55715  55775  56573  56642 
Cell#049  132.1  160.8   036 :   7803  15070  15082  16430  16440  16467  16486  16501  16600  18814  18848  24709  24728  24826  31708  31769  31810  34499  34550  34586  35328  40371  40519  40876  43602  47162  47298  47383  47420  47462  49562  49581  50141  52592  57072  57203 
Cell#050  132.1  040.2   139 :   388  396  407  448  506  574  877  954  966  1010  2117  2126  2168  2225  2235  6572  6582  6596  6638  6681  6690  6703  6718  6794  6831  6850  7408  7449  7465  7519  7630  8155  8230  8234  8325  9743  9755  9769  9956  9963  9977  10077  14881  14888  14906  14940  14953  14981  15130  15236  16260  16274  16332  16343  16471  16480  16500  16527  16564  16618  16814  16833  17511  17541  18185  18191  18309  21309  21921  21932  22613  22618  22649  22679  22961  28519  29638  29656  29670  29940  29947  29956  30019  32492  32604  32622  32647  37857  37865  40279  40296  40310  40336  41432  41553  41559  41575  41587  41699  41725  41853  41895  48312  48326  48349  48932  48952  48971  50751  50960  51114  51136  51270  51337  51353  51366  51416  58670  58748  58846  58855  58971  60343  60351  60457  61397  61406  61414  61429  61456  63051  63074  63551  63560  63761  64622  64632  64646  64800 
Cell#051  132.1  051.7   045 :   54  62  76  88  98  134  8153  8160  8245  16530  16541  16547  16833  16841  16875  17509  17523  17536  17547  17700  21311  34355  34369  34396  34425  37858  37872  37883  41429  41440  41452  41464  50748  50757  50770  50785  50854  57647  57663  63547  63556  63564  63570  63583  63613 
Cell#052  132.1  123.5   021 :   12623  12787  12940  12956  12998  13089  13098  13363  17565  17682  21431  21449  21494  53126  53228  56339  56346  56364  56472  56504  56566 
Cell#053  132.1  080.4   015 :   574  987  17667  17680  32898  32906  34492  34598  34815  53115  53150  53321  54384  54458  54839 
Cell#054  134.9  146.4   010 :   15070  16421  18441  18492  18812  29542  29676  31765  49100  49535 
Cell#055  137.8  025.8   052 :   3070  3081  3089  3098  9844  9850  21007  21021  21167  21203  24520  24537  24580  24689  24720  24763  28628  28642  28651  28659  28679  28753  35609  35617  35623  35634  35650  35737  35816  43731  43742  43758  43813  46327  46340  46353  46400  46417  46427  46665  50212  50228  50240  50259  50308  50313  50479  50510  50519  50554  58937  58967 
Cell#056  137.8  218.2   038 :   465  482  490  511  1875  2203  2514  2528  2541  2568  2625  2808  2930  7691  7748  11853  19999  20013  20027  20268  30873  30888  32952  34629  40529  40588  40649  40815  45757  45787  48903  53331  54117  54138  54150  54163  54226  61290 
Cell#057  146.4  086.1   027 :   1002  1017  1042  1060  1087  5509  23634  23767  31008  31031  31065  31093  31476  31497  32950  32965  33006  42917  51505  54951  54963  54988  55049  57574  58092  58112  58129 
Cell#058  152.2  066.0   006 :   15783  33855  35881  41488  55497  55635 
Cell#059  155.0  186.6   021 :   16953  16963  16977  16990  22367  22381  27775  34779  34789  34798  42299  44512  50972  50981  51009  51033  51056  51100  55776  55789  55800 
Cell#060  155.0  123.5   075 :   998  1022  1513  1532  1550  1715  2546  2679  4989  5033  5050  6469  6525  6587  6650  7420  9822  9839  9862  13679  15828  15864  19631  19689  22181  22201  22237  22660  23661  25639  27739  27830  30747  30816  30926  31015  31067  31083  32867  32944  32986  36065  36927  38300  38329  38358  38798  38850  40870  40981  42676  42734  42914  42945  44005  44510  44556  46442  46478  49678  49719  49825  51484  51532  52524  52595  54807  54919  54945  57546  57670  60348  61205  63724  63772 
Cell#061  157.9  086.1   017 :   15163  15173  15190  30028  30041  30099  30179  32955  33704  33715  33726  33766  41489  41499  41509  41568  54950 
Cell#062  160.8  060.3   025 :   15779  15785  15794  15799  15823  15840  16089  33852  33858  33871  33879  34247  35884  35892  35903  35913  50262  50286  54294  54304  54319  54389  55485  55498  55507 
Cell#063  169.4  097.6   062 :   3726  3808  3830  6668  10540  10554  10614  15165  15179  15195  15248  15277  15492  15514  19913  19928  20653  20666  25519  25530  25541  30036  30043  30061  30076  30297  33702  33711  33731  33749  33759  33773  33785  35316  36272  41488  41497  41504  41516  41535  41561  41587  44615  44650  50713  50729  50739  50809  51397  51635  51706  51784  51975  52014  54331  54348  54407  55472  55485  56492  56504  56577 
Cell#064  172.3  034.5   008 :   35560  35571  35602  35715  44060  44074  44101  56740 
Cell#065  172.3  157.9   046 :   3230  3419  3442  3660  3678  3686  3768  8762  8871  9202  9266  16691  19166  19204  19269  19367  19460  19486  19522  24742  24810  24929  24949  28841  34345  35143  35162  35191  41068  47324  47335  47366  48807  48826  49987  50056  57643  57712  57915  57942  60155  60183  60239  60389  60445  60541 
Cell#066  172.3  120.6   035 :   2954  2971  3814  3829  3844  3871  3955  8235  8332  8451  20241  20251  20293  20997  24655  28565  29225  29242  29274  29328  34345  34381  41079  53880  53909  53946  54405  54420  56736  58728  59173  59184  59202  59365  59382 
Cell#067  172.3  178.0   003 :   61706  61718  61879 
Cell#068  172.3  066.0   049 :   12349  12509  12516  12523  12540  12567  15258  15264  15272  15281  15291  15305  15346  15426  24278  24283  24293  24306  28936  28945  28952  28966  28979  29025  43584  43597  43629  43650  43848  44033  44044  44050  44064  44087  44103  53407  53422  53435  53448  53463  53507  55487  63895  63901  63915  63944  63983  64000  64082 
Cell#069  178.0  014.4   017 :   28195  28235  28601  28611  28622  28634  28650  35568  35582  44977  44990  45114  45142  63531  63541  63551  63583 
Cell#070  183.8  146.4   022 :   1758  1771  2482  2641  2663  14080  14092  14273  14366  14424  25160  25371  25602  25653  30104  30282  44229  44238  44503  44545  44571  44632 
Cell#071  183.8  089.0   015 :   5441  7010  7038  7081  7095  30812  30848  30940  40151  40166  40179  40280  51008  63951  64079 
Cell#072  189.5  120.6   014 :   6539  19759  30017  30025  30086  34592  37261  37276  37287  48039  48070  48116  52801  52816 
Cell#073  189.5  063.2   077 :   27  33  44  83  276  3446  3453  3545  3560  3578  3603  4927  8806  8823  9318  9339  10037  10070  10085  14596  14606  14613  14628  14675  14712  14727  14880  14890  22563  22569  22577  22596  24248  24870  24882  24893  24952  24965  29047  29063  29106  34805  34835  34924  35679  35686  35699  35726  36082  39572  39593  43880  43890  43905  44120  44157  49688  49720  50046  50060  50082  50092  50135  50163  50216  50232  51519  52057  54673  54686  59021  59044  60883  60895  64885  64896  64906 
Cell#074  189.5  011.5   000 :  
Cell#075  195.2  045.9   035 :   4931  4943  4950  4967  4975  5005  5020  5074  14081  14677  14689  14714  14778  49679  49689  49698  49709  49718  49728  49744  49800  49898  51516  51535  51541  51561  51599  51612  51627  51684  52046  52061  52080  55492  55557 
Cell#076  195.2  031.6   010 :   14080  14108  34390  34397  55495  55507  55517  55531  55545  58098 
Cell#077  198.1  103.4   086 :   498  520  537  559  582  637  663  704  818  891  6377  6397  6473  6575  6596  12272  12499  12543  12600  12666  20655  20672  20688  20774  20812  27760  27772  27786  27810  27895  27937  27973  28028  28053  28113  28154  33769  33855  33983  34007  34024  34046  34113  37169  41859  42187  42194  42249  42261  42280  42330  42345  42385  42401  42434  42461  42491  42791  42818  42897  42926  42963  42981  43008  48221  48235  48250  48288  48325  48448  51562  51569  51583  51611  53403  53451  53614  59070  59169  59328  59410  59435  59545  59577  59686  59698 
Cell#078  201.0  132.1   015 :   2735  2745  2753  2770  2824  2841  2922  2951  3151  3205  3246  3316  3374  3430  44531 
Cell#079  201.0  166.5   056 :   1705  1720  1749  1762  2147  2332  6660  6714  6766  6876  6941  6998  12115  12134  13462  16549  16585  16673  27890  27907  27962  28158  28175  28191  28217  28302  28331  31457  31469  31531  32875  32904  33032  44824  44936  44955  45002  45404  45603  54059  54130  54177  54980  55001  55020  55075  55089  55160  55189  55202  55215  58468  58485  58493  58536  58623 
Cell#080  203.8  117.7   008 :   21618  27767  27779  54669  54702  55039  63285  64187 
Cell#081  206.7  051.7   019 :   4929  4972  14673  42367  42376  42385  42396  42453  49694  49716  49745  51520  58960  58972  59003  59032  59139  59148  59170 
Cell#082  206.7  097.6   076 :   608  2635  5644  5664  5680  7568  7578  7677  11532  11557  11569  11623  11852  11889  11916  11948  15551  15566  18095  18512  18749  18854  18921  21608  21697  21963  22008  26251  26426  26482  30394  30412  30425  30472  37424  37724  37860  39214  39232  39271  39288  39613  39677  39721  42503  44524  45295  45320  45760  46062  47406  47507  48717  51179  51399  51418  51450  51539  51564  53310  53423  54460  54611  54677  55533  56585  56644  58792  59080  59343  59581  59596  59669  64188  64202  64290 
Cell#083  212.5  160.8   001 :   53988 
Cell#084  218.2  071.8   029 :   2552  2564  2575  2593  2699  2881  2898  3009  5439  5455  5469  6721  14019  14046  28607  28617  28626  29999  30008  30023  30036  30119  32954  32973  32987  33002  33043  33072  34675 
Cell#085  218.2  126.3   128 :   603  2178  2631  2669  3475  3496  3727  3776  3832  3850  4874  4917  11530  11586  11605  11628  11639  11666  11863  11964  12021  15557  18095  18106  18119  18134  18188  18514  20720  21602  21627  22021  22452  22638  25008  25022  26251  26324  26360  26434  26449  26461  26476  26492  26554  26588  26619  26645  26674  26993  27487  30398  30409  30430  30457  30497  30526  32336  32425  35312  35329  35349  37415  37658  37730  39216  39229  39262  39284  39412  39622  39638  39680  42499  44526  44940  44985  45298  45329  45751  45759  47409  47476  47495  47507  47594  48718  48774  48836  50003  50020  50178  50218  50259  50279  50335  50500  50513  50532  50615  51186  51387  51396  51417  51580  51620  51638  53305  53370  53394  53431  53450  53506  54674  54681  54720  55424  58800  63183  63198  63211  63285  63327  64186  64193  64213  64283  64973 
Cell#086  221.1  091.9   022 :   6716  6730  6761  6803  6831  20252  24628  32903  32956  32978  32991  33010  33039  33160  57637  58054  58542  58561  58573  58608  58703  58955 
Cell#087  223.9  112.0   072 :   13888  18798  18814  18895  18986  19060  19077  19121  19225  19342  19423  24525  24538  24552  24595  24677  24794  24820  24835  24873  24994  25032  25203  25266  26319  29171  31714  31745  31845  32335  32612  32992  34607  34631  34665  35824  35850  35869  35948  35987  36352  36438  37351  37364  37471  40274  40310  40347  40415  40444  40671  43520  43549  43588  49572  50014  50046  50135  50514  52154  52176  52207  52356  57165  57172  57188  57233  57411  58334  60394  63181  63231 
Cell#088  223.9  045.9   069 :   8092  8156  8184  8236  8244  8256  8273  8287  8299  8315  8520  8537  8563  8733  14425  14452  14467  20247  20274  20304  21554  21577  21585  21598  21614  21641  21658  23193  23205  23237  30282  30293  30299  30305  30320  30333  30346  34390  34396  34409  34424  34439  42095  42112  42129  42141  42247  42260  42267  42293  56297  56306  56326  56343  56356  56368  56382  56565  59180  59185  59195  59211  59222  59669  59681  59688  59701  59713  59742 
Cell#089  232.6  203.8   011 :   6198  6214  26011  26024  26057  26081  26217  34352  34846  63530  63560 
Cell#090  235.4  037.3   087 :   506  516  535  605  619  645  669  678  6375  6426  6455  6571  8161  8247  12277  12287  12531  12541  12625  12631  12716  20246  20556  20578  20664  20680  20694  20707  20719  20806  20836  21550  27767  27779  27949  27959  28040  28048  28060  28076  28126  28156  30288  33760  34112  34126  34390  36684  36698  36710  42096  42256  42266  42280  42294  42912  42924  48233  48248  48276  48292  48301  48463  48728  48734  48740  49059  51569  51609  53622  53647  54023  54037  54045  54056  56300  59105  59163  59335  59345  59360  59375  59595  59612  59669  59681  59697 
Cell#091  235.4  149.3   000 :  
Cell#092  238.3  106.2   062 :   1764  1770  1778  1787  1845  1861  2002  2088  2170  2203  2335  2379  2407  6709  6736  15623  16663  16668  16676  16682  16702  16717  16746  26233  26261  26275  27215  27235  28062  28074  28087  28113  28131  28299  32904  37804  37818  37952  37962  38000  38113  45116  45122  45136  45148  45178  45219  45231  45299  55099  55165  55190  55204  55235  63885  63897  63909  63951  63963  63992  64006  64078 
Cell#093  244.0  068.9   022 :   5824  5833  5863  5932  6297  11591  11614  11627  20809  20827  20834  20858  20891  20905  42285  42300  42321  42343  42392  42406  61721  61788 
Cell#094  246.9  189.5   002 :   34350  34395 
Cell#095  249.8  025.8   048 :   10362  10369  10380  10411  10559  10572  10584  16480  16487  16502  16625  22167  22180  22196  22213  22224  22238  22351  26373  26411  26429  34904  34916  34924  35024  35131  37623  37638  37696  37779  37794  37807  50380  50396  50697  50704  58092  58111  58127  58170  62887  62900  62964  63300  63306  63343  63363  63382 
Cell#096  252.7  043.1   045 :   2239  2266  2296  2330  2675  2692  2842  6687  6694  6701  6708  6723  6737  6750  6766  16500  16562  16568  16574  16582  16589  16602  16609  16632  28296  28305  28311  28329  28340  28352  28383  28396  28410  59104  59113  59125  59139  61200  61207  61213  61221  61233  61249  61264  61363 
Cell#097  255.5  155.0   012 :   18795  18975  27104  44143  44158  44174  44187  44228  49395  49407  49430  49525 
Cell#098  255.5  068.9   024 :   7956  7963  8023  8036  8048  8061  8073  8089  8119  20879  20890  20903  20918  21029  21045  21057  21073  51104  51110  51121  51133  51175  51273  51292 
Cell#099  264.1  074.6   026 :   9758  9765  9836  20876  27475  27493  27593  27608  34920  34932  34945  34960  35071  35086  44485  44505  45420  45443  46203  46215  46229  46270  51096  61152  61160  61173 
Cell#100  264.1  091.9   033 :   2154  2640  9746  9768  18430  18449  18552  20648  20662  21602  21611  21632  21861  22043  27595  34921  36411  37380  37438  39211  39255  39654  39674  44480  44873  44958  45422  46209  46296  51186  51407  51430  58947 
Cell#101  267.0  203.8   002 :   20894  40845 
Cell#102  269.9  152.2   014 :   10739  10784  10977  10993  16655  16752  28608  38559  38577  38591  38640  38666  38706  59693 
Cell#103  275.6  074.6   012 :   7742  7790  10364  10619  22138  26404  28738  29427  34933  48327  61905  63345 
Cell#104  281.4  209.6   051 :   2816  3258  3266  3303  3442  3479  3511  5837  5850  5969  7849  7857  7884  7911  8015  14059  14068  14084  14164  14515  14545  14563  14588  55523  55646  55719  55751  55789  55860  55868  55904  55960  55993  56080  56130  56176  56190  56330  56353  56442  56474  56503  56573  56658  56786  56800  56988  57436  57452  57497  62774 
Cell#105  281.4  054.6   167 :   119  1491  2631  2710  2831  3005  3829  5447  5504  6524  6619  7053  7280  7348  9426  9605  9783  10375  10752  11249  11550  11602  11640  11865  12779  13674  13862  14030  14109  14375  14614  14815  16823  16985  17040  17172  17778  17907  18697  18830  18847  20553  20745  20891  21348  21436  21903  22099  22507  23369  24498  24527  24780  25192  25612  25636  25712  26433  26456  26492  26581  26806  26850  28612  28910  29316  30047  30423  30474  30843  32954  33625  33806  33879  33964  34395  34436  34546  34808  34858  34912  35065  35130  35399  35628  35798  36060  36251  36869  37597  37850  39070  39324  39638  40855  41173  41323  42695  43529  43740  43897  44043  44099  44144  44223  44365  44578  45550  45757  45868  46124  46232  46442  46627  46662  47409  47472  47486  47502  47729  48419  48533  48647  48921  49080  49432  49840  50648  51102  52249  52383  52485  52540  52589  52674  52942  53401  53484  53741  53782  54143  54281  54401  54615  54636  54676  55306  57185  57519  57929  57986  58097  58160  58587  60944  61158  62077  62212  62302  63694  64071  64197  64258  64285  64514  64898  64916 
Cell#106  287.1  163.7   097 :   8453  8467  9715  9723  9735  9743  9760  10053  14556  14565  14579  18412  18424  18470  18486  18503  18621  18749  18771  18823  18866  18886  18902  18910  18929  19039  19113  22013  22025  22064  22269  22279  22293  22303  22335  24577  24592  24607  24635  24650  24664  24745  28444  28452  28581  31797  31828  31853  31911  31993  32025  32153  32234  34861  34876  34896  34932  34943  34983  37358  37495  37500  37518  37546  37563  40349  40372  43589  43601  43645  43691  43993  49177  49217  49260  50045  50054  50067  50181  50322  50342  50351  50364  52125  52136  52253  52294  52366  57146  57162  57180  57246  57267  57372  57443  57517  57671 
Cell#107  290.0  068.9   034 :   515  12165  12206  12668  15137  15160  15258  23370  23415  24225  24242  24286  24366  24487  24518  24562  28977  28988  29058  29179  31241  41188  41212  43584  43597  52168  52443  52498  52541  52574  53820  58097  58112  58124 
Cell#108  292.9  149.3   010 :   9713  9741  14557  18887  24584  28438  31796  34854  34912  43586 
Cell#109  292.9  106.2   041 :   515  526  537  553  570  595  779  2647  3015  11241  11573  11919  12167  12183  24186  24209  24227  24439  24452  24477  31245  31262  31291  45322  45331  45343  51600  51609  51634  51670  51712  51838  51846  51896  51950  52207  52221  52238  52291  52428  52629 
Cell#110  292.9  051.7   042 :   5784  5789  5813  5822  5840  6015  6019  6037  14112  14120  14134  14230  14329  14348  23370  23378  23404  23419  23431  23449  23461  23504  23522  24285  24299  24312  24359  24414  24524  24541  24597  52584  52592  52604  52639  52675  53816  53837  53851  58116  58133  58165 
Cell#111  298.6  089.0   056 :   506  9120  12167  12179  12199  12228  13980  14071  14109  14183  14910  14917  15146  15240  24248  24260  24501  28980  28992  29177  29194  31240  34890  34896  34912  34935  35066  35076  35180  35200  39023  39877  41179  43583  44476  44481  44496  49219  49238  49256  49295  49326  49539  51480  51500  51599  51649  51843  51858  51901  52164  52443  52539  58096  58146  60072 
Cell#112  298.6  172.3   000 :  
Cell#113  298.6  071.8   063 :   12163  12178  12207  13978  14908  14917  15144  15159  15236  15253  15275  24242  24252  24258  24271  24365  24495  24503  24536  24548  28974  28985  28998  29180  29193  34888  34933  34960  35003  35074  35086  35166  35182  35196  41178  41187  41200  41212  43584  43588  43595  43628  44472  44478  49215  49229  51485  52168  52178  52193  52203  52436  52445  52460  52503  52535  52544  52571  58092  58098  58140  58223  58247 
Cell#114  298.6  134.9   031 :   463  483  14912  39553  39566  40282  40303  40430  40449  40463  54000  54019  54061  54102  54121  54134  54153  54216  54230  63578  63651  63763  63841  63864  63896  64065  64170  64214  64268  64283  64699 
Cell#115  307.2  106.2   020 :   3013  8296  17906  17925  17955  18031  18049  26216  26231  26247  26258  26285  33523  33636  47170  49215  58235  58251  58270  58302 
Cell#116  310.1  120.6   026 :   1920  1952  2030  2171  2172  2178  2189  2204  2222  2273  7309  7325  7346  7363  17911  17929  21889  26221  26458  33524  51179  51203  51213  51242  58239  58290 
Cell#117  312.9  051.7   031 :   6573  6580  6587  8164  20630  20644  20656  20673  20687  21448  21460  21474  21489  34358  47488  47501  47532  57024  57035  57047  58093  58117  62097  62115  63297  63362  63949  63955  63966  63982  63993 
Cell#118  315.8  068.9   044 :   6573  6579  6613  6692  8161  8176  8275  13587  20628  20638  20645  20655  20668  20682  20695  20708  20905  21452  21471  21487  21527  34358  34382  34799  47490  47494  47499  57025  57031  57037  57054  57069  58093  58115  58134  58155  62098  62119  63298  63307  63412  63950  63962  63994 
Cell#119  318.7  155.0   005 :   998  3847  34407  41175  63173 
Cell#120  327.3  063.2   078 :   6578  6656  7356  7452  10363  11657  11782  11865  11897  11970  18834  19001  19123  19618  19667  20630  21445  21849  24884  25094  25827  25870  28607  28617  31723  31778  34358  36250  36275  38354  38703  38893  38935  39065  39076  39092  39123  39442  39570  40436  40858  41140  41182  41238  41352  41449  41504  41533  41589  41706  41856  41968  42152  46593  46636  47493  51407  51499  51570  51602  52190  57031  57235  57511  57552  58675  58730  58814  59074  62097  62689  62719  62771  63944  63951  63994  64395  64677 
Cell#121  327.3  109.1   010 :   6333  6349  10365  10383  10413  10458  11592  20898  34369  56164 
Cell#122  338.8  097.6   008 :   10367  10381  54121  54128  54143  54200  54226  54328 
Cell#123  341.7  057.4   033 :   1486  1501  1557  7780  7785  7834  7971  8046  8054  8068  8113  15021  15045  16252  16273  24641  24654  24682  25138  25169  25209  29225  29233  29425  29443  41170  41177  41188  41196  58087  58095  58109  58795 
Cell#124  347.4  077.5   027 :   2357  2368  2381  15130  15144  17174  17185  17196  21012  21036  21049  21066  39072  39236  39318  39337  39454  39628  45100  45118  45445  45453  45472  45893  45937  60335  60354 
Cell#125  350.3  155.0   035 :   10492  10503  10521  10546  20522  20593  20892  20927  20986  21001  21017  21173  21424  21441  21453  21467  21639  23052  23076  39051  39063  39092  39189  57024  57042  57055  57280  63225  63236  63247  63258  63273  63286  63303  63387 
Cell#126  350.3  195.2   021 :   1161  1484  1552  1579  1621  22663  22683  22740  36893  36932  36998  40844  42661  46426  46463  48645  48669  49831  49874  57398  57553 
Cell#127  353.1  126.3   041 :   2583  2616  2630  3188  3315  3546  6854  6882  6938  8767  8836  8926  10662  10933  12908  12923  16694  18423  19170  19245  23498  28370  34569  34806  35268  35292  40367  41669  41908  41919  45579  45697  57649  60155  60363  60376  63865  64193  64952  64967  64987 
Cell#128  356.0  051.7   078 :   217  1489  5715  5721  5729  5734  5743  5758  7778  8052  12036  15017  16249  20776  20785  20800  21344  24651  25133  26365  26374  26388  27947  27964  27978  29233  29425  30755  30761  30773  30984  30999  38140  38147  38403  38410  39620  39635  39658  39947  39955  39961  39969  39984  41171  43026  43046  52870  52879  52890  52897  53355  53364  54814  54820  54826  54842  54903  54913  58090  58728  58738  58767  58781  58794  58809  58933  58940  58948  58964  59006  59020  59062  59086  63678  63683  63691  63724 
Cell#129  361.8  166.5   015 :   1167  1173  1190  1494  2296  6731  7173  7192  7201  7242  39068  42261  42309  63824  63832 
Cell#130  361.8  083.3   039 :   6127  6140  6169  7786  7803  18801  22085  22099  22142  22158  22197  22675  22776  22787  31020  31029  31038  31713  31719  34356  34384  49151  49158  49636  49651  49664  49677  49721  52418  52428  52439  52579  57758  57786  60333  60338  60357  60836  64276 
Cell#131  361.8  137.8   014 :   10501  10521  20998  21009  21402  21469  23054  39072  39086  63230  63236  63278  63337  63444 
