Total No of Frames = 65000  (1 frame = 2 msec)

Cell No.   X      Y    N_Spikes  Frames
Cell#001  005.7  160.8   000 :  
Cell#002  014.4  117.7   024 :   4149  18292  18383  18567  18723  20109  20151  20397  25572  30604  31110  39075  40994  41011  41117  41211  44505  44653  53872  58119  61736  61750  62013  62364 
Cell#003  020.1  155.0   022 :   901  1402  3794  5781  12805  18419  18679  23949  24135  25269  30606  31204  32299  32612  37063  38739  38878  53925  56215  58479  64951  64964 
Cell#004  020.1  100.5   000 :  
Cell#005  028.7  089.0   020 :   4408  15521  16109  20413  26867  26949  28926  32299  36988  37154  41599  42383  49035  54460  56247  57138  59061  61947  64433  64976 
Cell#006  043.1  097.6   004 :   61605  62869  62886  62900 
Cell#007  045.9  129.2   017 :   900  3876  7738  18452  20157  23985  34764  34915  38804  38866  41437  53497  53727  56486  58249  64576  64859 
Cell#008  051.7  163.7   000 :  
Cell#009  054.6  080.4   009 :   19780  20317  39964  50108  54672  54903  55426  58010  60214 
Cell#010  060.3  100.5   001 :   14333 
Cell#011  068.9  120.6   023 :   13162  13634  13942  27373  27854  28022  28207  29038  29558  42816  46951  47321  47381  47470  48133  49332  50129  53758  54200  54220  59589  59662  63095 
Cell#012  068.9  051.7   009 :   405  11851  41905  47332  47623  47932  48388  51231  57047 
Cell#013  074.6  094.7   049 :   224  453  500  901  1126  3767  4093  5722  5985  7294  11055  11153  11302  11609  11734  15762  15959  16933  19851  19880  23861  24060  30641  30656  32208  32333  34604  34638  36964  37058  37300  38522  41007  41186  42787  44014  52545  52668  52716  53774  53899  55958  55973  58143  58313  58497  61691  64423  64438 
Cell#014  080.4  074.6   001 :   19965 
Cell#015  086.1  097.6   014 :   1697  6510  7001  19728  29625  31473  34746  39915  42773  42791  42804  50042  54681  60236 
Cell#016  089.0  068.9   014 :   13259  13626  13829  14750  30104  30121  34686  40176  42810  49463  55157  60422  60640  64663 
Cell#017  091.9  048.8   006 :   38800  38934  47501  47701  47916  48374 
Cell#018  106.2  100.5   032 :   432  901  3803  4393  6529  6559  7741  8644  11461  12739  18153  18164  18611  23818  32336  32429  34749  38780  38797  39964  39980  41377  44081  53532  53717  58146  61326  61734  61818  64442  64483  64805 
Cell#019  106.2  086.1   001 :   53740 
Cell#020  114.8  063.2   021 :   901  4049  4218  6128  6141  7848  11813  12986  18302  18315  34743  35008  37059  38992  41527  44279  53714  53780  59068  61799  64854 
Cell#021  126.3  057.4   000 :  
Cell#022  126.3  112.0   045 :   353  508  969  1951  3798  4227  5717  7456  9239  11349  12884  14232  14773  15621  15990  18235  19941  20142  21416  21627  23916  24087  25357  27994  28575  29759  34634  37036  38770  39033  39524  41354  42227  44029  45567  46656  47254  47823  53508  53926  58940  61726  61962  64477  64768 
Cell#023  132.1  086.1   002 :   38956  48608 
Cell#024  134.9  045.9   000 :  
Cell#025  143.6  074.6   000 :  
Cell#026  155.0  068.9   000 :  
Cell#027  157.9  100.5   000 :  
Cell#028  166.5  034.5   008 :   9167  9186  25987  26003  38239  38259  62852  62862 
Cell#029  172.3  068.9   014 :   21896  28680  29141  38242  46467  47386  49647  49755  54838  55116  58690  58767  58876  62852 
Cell#030  189.5  080.4   003 :   21938  33235  50912 
Cell#031  198.1  063.2   000 :  
Cell#032  201.0  100.5   000 :  
Cell#033  212.5  086.1   030 :   943  4268  5726  7493  7987  11398  14733  14887  15256  15566  15917  15996  16024  18348  19933  30225  30366  32472  32704  38778  39086  42267  44049  53482  53516  58178  58994  60251  64441  64481 
Cell#034  226.8  074.6   001 :   64447 
Cell#035  232.6  054.6   003 :   4269  8370  28255 
Cell#036  241.2  103.4   041 :   901  1939  2258  3230  3784  6566  7501  7749  8377  9350  9697  11468  15634  17836  18356  18570  19775  24102  24428  28498  28820  30592  32422  34650  34741  34914  36216  38786  38891  41355  42321  44059  47271  53310  53710  54141  59570  61740  62004  63050  64782 
Cell#037  249.8  028.7   006 :   26433  43464  43482  49768  53947  61606 
Cell#038  252.7  048.8   006 :   913  49774  49794  61604  61613  61631 
Cell#039  261.3  083.3   005 :   37655  37670  37687  38655  38666 
Cell#040  275.6  091.9   009 :   1644  1654  1671  5594  5622  5912  34740  37428  37661 
Cell#041  278.5  071.8   001 :   22264 
Cell#042  281.4  040.2   002 :   36174  36185 
Cell#043  292.9  086.1   018 :   12831  19932  19947  20103  20120  20131  53532  53716  54114  55127  55144  55160  58239  58258  58502  58519  58995  59009 
Cell#044  298.6  054.6   007 :   53484  56753  56777  56794  57058  58087  58146 
Cell#045  307.2  080.4   007 :   5740  25721  28260  39638  39682  48625  55098 
Cell#046  312.9  109.1   016 :   13639  13732  14239  22466  27370  27964  28335  38883  46998  47382  48151  48349  48412  54207  54311  59684 
Cell#047  330.2  080.4   020 :   3972  4003  7463  8372  8383  11507  14269  19962  20481  20497  24122  25379  32876  34686  38775  38864  56148  58288  61842  61925 
Cell#048  330.2  103.4   005 :   8376  14252  38880  54875  55439 
Cell#049  333.0  054.6   042 :   3972  7463  8369  11506  14268  16411  16657  16843  16890  17087  17163  17304  17918  19962  20479  24122  25373  30057  30090  30351  30399  32873  34686  38778  38840  42422  42454  42561  42713  42747  43135  43469  48076  48402  50044  54881  55453  56055  58286  60793  61827  61927 
Cell#050  338.8  123.5   009 :   1931  4470  14236  14863  14882  28326  28348  28724  49447 
Cell#051  341.7  068.9   002 :   14250  53679 
Cell#052  350.3  117.7   020 :   894  1992  3872  11387  23878  23986  34614  34710  36922  37123  37673  41364  44100  53715  53947  58240  64458  64695  64877  64972 
Cell#053  356.0  077.5   026 :   901  1985  1999  3875  11386  11522  11812  23875  23893  23986  34621  34713  36925  37117  37145  37671  41367  44095  44109  53715  53944  58237  64462  64692  64882  64981 
