Total No of Frames = 65000  (1 frame = 2 msec)

Cell No.   X      Y    N_Spikes  Frames
Cell#001  008.6  097.6   044 :   319  332  347  462  8399  9157  10622  10631  10647  16061  16081  18309  18366  22568  23726  23738  24878  24957  25894  25931  26112  26130  26195  33268  36254  40028  40061  40291  40302  40650  40661  40676  40713  40774  42202  42216  47753  50370  50411  50422  50647  58656  58677  58693 
Cell#002  008.6  060.3   003 :   2144  2855  55715 
Cell#003  011.5  160.8   005 :   15240  21638  21686  34569  35651 
Cell#004  017.2  140.7   002 :   2103  35658 
Cell#005  023.0  120.6   002 :   38468  40056 
Cell#006  023.0  051.7   024 :   12927  18961  18975  19341  19387  27783  27789  28177  31991  40853  40866  45587  45661  45689  46532  47811  47849  48443  48489  53676  55136  57000  57554  59322 
Cell#007  031.6  100.5   059 :   1454  4875  8230  8247  16574  17536  17543  17559  17573  18327  21570  25725  25729  26518  28001  28009  28036  28090  28139  28150  34028  34069  34210  35078  36417  36423  36436  36496  38179  38461  48547  48653  48949  50645  50691  51322  51337  51794  51804  52676  53489  53499  53513  55669  55680  55685  55708  55736  61799  63683  63695  64226  64235  64797  64809  64812  64825  64839  64881 
Cell#008  034.5  048.8   008 :   5303  5339  5460  7178  15806  24865  46070  50842 
Cell#009  037.3  034.5   028 :   1055  1153  1174  3503  3585  3947  4065  4147  4190  4260  13225  13243  13271  13298  15801  28829  31451  31473  31616  52125  52133  52144  52152  52298  52627  53376  53469  59721 
Cell#010  043.1  166.5   000 :  
Cell#011  043.1  066.0   028 :   2151  5312  5319  5327  7161  7171  10732  10803  18249  18264  23781  24863  24869  24888  26835  26853  26868  39981  46066  46072  46085  50326  50341  50834  50843  56599  58751  63080 
Cell#012  057.4  103.4   020 :   8694  13835  14645  17526  17536  19881  19902  24199  32614  34033  36570  41129  42456  42489  49996  50023  52670  52682  52695  56440 
Cell#013  060.3  028.7   032 :   122  142  1305  1314  1327  1356  1398  1664  10267  12562  14619  14633  14675  16278  22842  22865  23703  26122  32627  37576  37964  41748  42601  45787  50314  50716  50957  55964  56663  58532  59547  59776 
Cell#014  066.0  051.7   025 :   2827  2840  3041  3066  7805  7810  9606  11105  11116  11122  13835  13845  19978  28160  32525  40750  47122  47131  47174  47570  47640  51755  51767  58591  58606 
Cell#015  066.0  083.3   040 :   288  302  1780  5181  7386  11891  14939  15102  15830  16790  17567  17583  19916  23731  23916  23949  26473  27711  28002  28020  33125  34432  40456  40861  41632  42112  44666  46191  46566  46577  46586  48795  49027  51289  51303  51314  60112  63257  64846  64876 
Cell#016  071.8  023.0   007 :   15130  15210  15789  16909  42321  54664  54745 
Cell#017  074.6  109.1   132 :   231  273  455  470  483  524  852  1045  2691  2699  2799  2810  2847  2872  7441  7533  7652  8271  8300  9165  10104  11885  11894  11925  13528  13562  14940  14966  14978  15080  15101  16782  16791  16841  16993  17261  17273  17569  17780  19018  19912  19923  19932  19969  20287  20477  23729  23914  23921  23930  23944  23959  24001  24082  25687  25733  26328  26348  31035  31062  32725  32798  32835  32902  32934  33120  33143  33214  33472  33627  34680  35650  35674  36053  38473  40454  40487  41448  41526  42110  42120  42133  42149  42163  42943  44544  44662  44669  44681  44844  45200  46195  46206  46233  46274  46340  46387  46521  46529  46565  48787  48808  49025  49053  49108  49207  51287  54226  54239  54660  54899  56798  56809  56853  56865  58241  58363  59990  60197  60210  60359  60360  60524  60629  60635  60659  60725  61565  61794  63266  63310  64439 
Cell#018  083.3  068.9   057 :   71  366  378  408  451  462  1859  1865  1874  1880  2026  2225  2497  2574  13838  14025  15372  15659  15667  15677  15694  15720  23514  23528  23701  23750  25559  25803  33962  33970  33975  33976  33982  33997  34406  34433  34448  34460  34505  37313  37327  40329  40337  40527  41380  41388  46711  46718  46725  46734  46747  46762  46790  47069  47543  47561  47575 
Cell#019  091.9  103.4   109 :   648  676  773  2830  4295  4308  4316  4336  4380  7683  7719  7734  7754  7810  11103  11228  12725  13713  14581  14604  14668  14684  14726  14797  16865  16883  16894  16905  16987  21708  21756  21897  22144  22156  22172  22187  22205  22258  24282  24388  24557  24612  25785  25807  25925  27484  27528  27606  28126  28133  28152  28209  28251  28265  28280  28308  32683  32708  32778  33763  33781  33796  36011  36159  37438  37455  38913  39101  39127  41369  41469  42165  42175  42204  43938  43959  47155  47171  49778  49799  50475  50526  50541  50557  50569  53237  53247  53254  53279  55740  55766  57867  57874  57889  57904  60378  60554  60626  60769  60836  60944  62377  62398  63943  63962  64001  64013  64029  64970 
Cell#020  097.6  086.1   055 :   373  431  1004  4843  4856  4862  4880  4989  7067  7086  7150  13973  13978  13986  14003  14016  14029  14395  15788  16011  16054  24366  24420  24451  24523  33591  33615  33853  33936  37095  37125  37422  41547  41561  41575  41590  41745  41983  43448  43468  43928  44911  45486  45508  48337  48349  51719  51728  51737  51745  51773  60828  61074  61144  63060 
Cell#021  097.6  054.6   085 :   123  572  598  670  1137  1403  1798  1950  2050  2058  2071  2085  2099  8132  8142  8195  8306  9763  9845  9970  10023  10169  10179  10208  12880  14517  16346  16354  16432  16487  16881  16896  18546  19368  19397  19887  19895  20007  20443  20458  20465  20481  20494  20685  20838  26499  26555  26891  29802  29934  31751  31776  32811  32827  32841  32855  43606  44109  44134  44160  44873  44898  44974  45290  45886  45898  46115  51327  51350  51941  51958  55231  55249  55261  55270  55284  55493  55599  62633  62655  62668  64330  64342  64356  64680 
Cell#022  100.5  020.1   010 :   23339  28101  28115  29010  29152  39111  39136  47911  47948  50844 
Cell#023  109.1  054.6   020 :   5740  11949  15082  15850  20488  20533  25460  30966  35643  38466  39237  39328  39363  40053  40160  42254  45894  57306  58126  63304 
Cell#024  117.7  034.5   034 :   2826  23333  23339  23346  28095  28109  28122  28136  28165  29001  29013  29022  29033  39106  39124  39136  39149  46038  46078  46088  47907  47916  47926  47940  47950  47966  48248  50836  50841  50851  51129  55290  58778  58932 
Cell#025  117.7  057.4   103 :   951  1651  2223  2937  3005  3149  3420  3491  3622  4472  4570  4649  4745  4752  5086  5103  5735  5968  7735  7788  8244  8761  8767  10391  11363  11371  11516  11574  11619  11774  11871  11912  12016  12196  12223  13247  13467  13634  13721  16083  16353  17159  17235  18231  18309  23359  23711  23941  24012  24552  24588  25005  25179  25460  28196  28207  28267  28296  28750  28830  28871  32349  34431  34794  35467  36799  36897  36996  37055  37655  37947  38242  38444  40145  40243  40475  42409  43196  44604  46056  47121  47451  47559  47843  47892  47991  48341  48391  48448  49772  50481  50515  51180  53178  54006  56486  59493  59613  60170  60185  60209  60747  63386 
Cell#026  126.3  091.9   179 :   953  1022  1433  1810  2145  2222  2229  2338  4743  4761  5074  5085  5091  5103  7391  7444  7588  7663  7817  8722  8759  8776  8809  8851  8978  9006  9130  9214  10358  10395  11364  11374  11387  11549  11643  12469  15627  15678  18234  18238  18270  18369  19808  19857  23557  23600  23670  23718  23758  23784  23849  23943  23953  24584  25434  25461  25680  25902  28115  28208  28263  28269  28752  28764  31097  31782  32352  34437  34511  34600  34746  34793  34800  34941  34977  35652  35662  36799  36818  36997  37059  37071  37088  37114  37623  37946  37958  38016  38143  38169  38243  38252  38334  38417  38456  38479  38621  38727  38774  38790  38837  38868  38959  39017  39041  39076  39114  39181  39232  39309  39436  39541  39647  39781  39927  40000  40055  40097  40115  40136  40144  40168  40249  40286  40353  40448  40540  40710  42397  42408  42413  43008  43184  43197  43231  44603  44663  44855  47845  47855  47923  48448  48456  48472  48654  49460  49778  49792  50047  50514  50523  50579  51167  51171  51184  51197  51326  51679  52934  53186  53996  54008  54024  54653  56486  56516  56737  59511  60171  60195  60204  60213  60220  60234  60372  61388  63308  64138  64417 
Cell#027  126.3  011.5   003 :   16912  25807  54667 
Cell#028  129.2  077.5   153 :   948  2020  2068  2223  2342  4199  4749  4795  5085  6005  8766  8818  11367  11506  15390  15461  17787  18230  18256  19811  23333  23563  23579  23595  23938  23944  23966  24583  24630  25460  25470  28102  28117  28164  28197  28213  28260  28372  28442  28753  28762  29010  32353  33230  34160  34433  34792  34851  34935  34961  35641  35660  35757  36797  36809  36995  37053  37067  37130  37944  38247  38413  38430  38466  38744  38757  38784  38857  38869  38890  39037  39100  39172  39215  39328  39424  39445  39495  39604  39759  39824  40054  40073  40143  40175  40245  40433  40454  40469  40567  40884  41235  41260  41290  41360  41486  41712  41735  42409  42518  43198  43315  43550  43615  44608  46095  46124  46958  47126  47175  47839  47860  47909  47975  48354  48450  48564  49781  50517  51171  51220  51317  51426  52822  53130  53188  53268  53285  53305  53535  53982  54015  54649  54664  54685  54762  54846  55008  56481  56524  56547  56560  56658  60174  60197  60211  60363  60377  60645  63298  63327  63468  64442 
Cell#029  140.7  077.5   042 :   148  371  567  8670  8698  12476  12482  12496  19312  19323  19339  24212  24246  31757  31770  34154  34162  34176  34581  34588  34594  34608  35350  35365  35378  37440  37459  46115  46122  46138  46152  53271  53285  53298  53340  53452  55589  55605  55630  56658  56666  56729 
Cell#030  143.6  037.3   019 :   2577  12205  16918  28413  34589  34643  34690  34995  35103  35655  42207  46092  52810  53268  61890  62684  63285  63310  64448 
Cell#031  143.6  097.6   011 :   23975  31751  34583  35356  35490  45858  46118  46134  51520  55010  55594 
Cell#032  146.4  057.4   038 :   2004  2073  2153  2270  2368  2667  12205  12212  12237  12299  19311  19331  21852  21944  21958  25725  34590  34635  34659  34690  34984  35005  35104  35574  35660  40768  40945  43758  43881  43947  46118  46156  53261  53269  53314  63285  63318  63439 
Cell#033  155.0  028.7   023 :   2630  4137  4151  10533  10549  10566  10718  28095  28114  28171  35654  39102  43681  45100  46205  46535  46619  46776  47536  58596  63327  64375  64397 
Cell#034  155.0  077.5   091 :   289  1855  2565  2573  2582  5427  7640  8659  11308  11526  12208  12335  15068  15172  15266  16916  16926  16954  16967  17412  19315  23563  23602  23823  24422  24536  24903  25993  26078  26107  26180  26891  27487  27529  27583  28394  28440  32346  33698  34585  34623  34754  34807  36349  37057  37310  37363  37445  38406  38889  38923  38944  38997  39181  39249  39325  40219  40240  40260  40773  41859  41885  42184  42196  42209  42222  42241  42252  42269  42295  42335  42379  42406  42477  46082  46126  46165  46966  47972  48004  48029  48338  50395  50534  53168  53253  53312  57010  57485  57519  57641 
Cell#035  157.9  048.8   024 :   291  303  849  1412  2553  2638  3311  3527  6441  6505  7668  35658  40029  40505  41377  44190  46222  47526  49112  52934  57656  63286  64384  64484 
Cell#036  157.9  103.4   074 :   1052  1088  2572  2608  3084  3101  3122  3135  5511  5556  5569  5638  6742  6781  6793  7119  7127  7134  7569  11310  11321  11330  11343  11355  11372  11786  11821  16914  17012  17147  17159  17213  19378  19392  20073  20087  20098  20115  20169  20183  20210  21246  21254  21349  21391  32055  34752  34769  40793  40801  40855  40940  42082  42094  42122  42183  42207  42222  42490  42502  57639  57652  57684  57757  60077  60082  60152  60895  62160  62172  62241  62687  62694  62765 
Cell#037  166.5  025.8   009 :   10198  29018  29086  30029  38402  38863  39313  51366  60634 
Cell#038  172.3  109.1   079 :   347  353  360  372  388  851  3946  3952  3979  4078  4126  4134  4154  4171  4293  4359  7730  7737  7810  10411  10930  10938  12725  12743  14576  14587  14593  14606  14648  17330  22290  22300  25546  25587  25931  25938  26495  26519  28091  30269  30330  30401  32573  32587  33705  37286  37298  37336  42155  42169  42210  43943  43956  43979  44020  46455  46462  46517  48864  48874  48889  48917  49290  49329  49732  49746  49774  51141  51152  51586  54228  54243  57847  57867  57954  57970  59679  59753  64458 
Cell#039  172.3  048.8   019 :   5976  12850  14212  15822  16007  16223  24190  24206  26275  27237  27489  30027  30040  41716  46193  51366  54562  54667  62706 
Cell#040  175.1  034.5   028 :   10168  10201  15816  15836  23845  23855  24186  24195  24208  24278  26277  30029  30037  30047  30055  30061  30091  41713  41742  46194  46216  46790  51362  51371  61434  62377  62712  62743 
Cell#041  180.9  149.3   010 :   5443  9776  10385  12088  14600  15207  17334  26899  63298  64435 
Cell#042  183.8  103.4   051 :   262  9778  9894  11488  11494  11597  11619  12088  12107  12215  16981  16993  17161  20199  20216  23339  23346  23354  23367  23459  23509  26694  26708  26738  26755  29656  29665  29675  29731  32576  32586  32618  35655  42902  42909  42955  46082  47090  47102  47119  47176  47473  47482  47496  47526  47548  47664  57015  57024  57072  57153 
Cell#043  186.6  043.1   071 :   4012  5991  6213  6722  6836  11002  11020  12165  12198  12349  12845  14210  15402  15900  16481  16847  16985  17144  17293  17351  20762  21623  21700  24227  24447  24461  24489  24547  24826  24940  25110  25286  27372  27388  27402  28559  30057  32029  35044  35219  35241  36277  36361  36445  36462  36586  37311  37349  39592  42037  42211  46374  46388  47012  47721  48795  49757  50594  50814  51994  52633  52638  52653  52697  53055  55309  55329  55334  60315  62900  63073 
Cell#044  189.5  137.8   008 :   5723  26890  35661  38405  39323  40466  40536  52922 
Cell#045  195.2  060.3   052 :   1702  2939  2950  2956  2968  4124  4146  4688  5099  5722  6797  7805  7942  9435  9449  9818  10324  11992  12004  12021  12114  13075  13478  13495  13505  13517  15962  16075  18383  19053  19082  19637  22987  29742  29777  36293  36329  38414  45662  45684  47835  47849  47909  49064  49119  49291  51955  51964  51977  52007  52235  55707 
Cell#046  195.2  114.8   035 :   84  98  5693  5713  5730  10657  10778  10784  11294  11317  15879  15930  16984  19537  19547  19555  19784  19892  24029  26885  33834  33840  33849  33914  34893  34908  34963  35008  38250  38405  38420  38448  40258  40264  52434 
Cell#047  201.0  143.6   005 :   35649  35735  46507  58135  60386 
Cell#048  203.8  097.6   055 :   2137  2953  3877  4879  5200  5321  5511  5520  5542  5723  8318  10378  10816  11218  12199  12317  16137  16148  16168  16205  22406  22622  24459  24813  25877  26874  26891  27832  28927  28954  29686  32002  35239  36338  37756  37767  37786  41443  45152  46505  46513  46717  46809  49063  49073  49083  49193  49300  52814  52933  53381  53397  53407  53427  53466 
Cell#049  206.7  043.1   020 :   822  866  9155  10417  16011  24968  24984  25148  26891  28996  29012  29072  29138  29336  29750  30061  35655  62065  62246  62318 
Cell#050  206.7  086.1   049 :   3870  4879  4904  5197  5511  5730  9435  12802  12885  13499  15064  15633  15650  19638  19684  22974  22988  22998  23745  26863  26890  26960  28080  29687  29737  29758  29822  32006  33209  33222  34039  35235  45157  45411  45926  46438  46510  46522  46538  46579  47839  47854  52931  53388  55234  55682  55704  59181  59205 
Cell#051  212.5  057.4   014 :   6079  6797  10299  10782  13943  15933  16040  25440  26877  28851  35649  46258  46511  46537 
Cell#052  218.2  143.6   025 :   10413  15527  21633  23700  24538  26889  26952  35540  35653  35680  38468  38892  39329  42907  52929  52958  52979  53126  53180  54698  56919  59855  59909  60385  63305 
Cell#053  221.1  112.0   038 :   818  2391  3225  3239  3274  3373  5376  5699  5940  7512  7589  7603  10743  12847  16689  17328  18900  19232  19302  27083  28072  28356  33165  33191  34136  34572  34588  34601  34767  46450  51323  52584  52932  61522  61719  62345  62387  64024 
Cell#054  221.1  091.9   029 :   1088  1098  1110  1394  20586  20616  21656  21683  21888  23364  29784  29793  29809  29936  30485  30502  35654  38247  38264  38423  48594  49046  56516  56552  58332  58353  59833  59846  59859 
Cell#055  223.9  045.9   054 :   2187  2253  7791  9633  15921  15929  15942  15956  16046  16156  17346  18632  19186  19202  19215  19229  19395  19482  19926  25422  25427  25434  25477  33378  33423  33826  33839  33854  33939  34217  35046  35173  35214  38564  38570  38584  38613  38656  38712  38782  38864  49045  49057  49071  49083  49427  51376  53513  53538  53553  53575  59087  59101  59150 
Cell#056  229.7  129.2   021 :   9439  9448  9465  11573  11809  11884  12102  12130  12167  12187  14587  14604  14617  14731  15803  16028  17335  20790  21650  28788  64355 
Cell#057  232.6  071.8   065 :   1533  1551  1571  2300  3598  4749  4921  4933  4954  5081  5843  5852  5875  7774  8214  8985  10802  11804  13942  14535  14799  16514  16571  19920  24330  24661  24685  24772  26008  26045  27615  27951  31439  32347  36882  38009  42532  42644  43179  43208  43231  43558  43656  45441  45453  45464  45528  45562  45605  47713  47758  48999  49010  49027  49083  50500  50525  50633  62262  62309  62408  63090  63096  63224  63689 
Cell#058  235.4  034.5   012 :   2558  2618  3600  4830  6810  7785  27638  49206  49833  49980  50041  50853 
Cell#059  235.4  097.6   126 :   1427  1465  2562  2587  3429  3604  3611  3887  6796  6880  7048  7238  7776  8150  8490  8747  8988  9276  10811  10828  11048  11078  11260  11281  11428  11498  12088  12583  13583  13596  14398  14475  14548  15917  15941  16970  17034  17150  17680  17952  17964  17975  18009  18372  18398  20380  20498  21609  21852  22991  23210  23270  23479  24364  24447  24894  25899  25922  25958  26001  26050  26062  26078  26129  26431  26487  26720  26807  26888  27637  27651  27678  27710  28171  29389  29405  29419  29490  29587  29717  29883  31443  31458  31471  31513  31770  35238  38012  40469  41227  41291  41361  42769  43182  43216  43520  45448  46098  46521  47475  49306  50854  50900  50966  51666  53235  56308  56404  56424  56617  56664  56862  56885  57192  57966  58018  58221  60365  62087  62356  63151  63172  63257  63304  63455  63523 
Cell#060  241.2  155.0   004 :   26885  35658  60376  64450 
Cell#061  246.9  126.3   017 :   10404  21333  29391  30629  34756  34796  34874  35658  37797  38446  38462  38891  46197  54634  54775  57358  60382 
Cell#062  249.8  091.9   035 :   4746  10340  10541  10554  10573  10590  10626  10667  10700  16572  36573  38882  39436  39446  39586  39624  39704  39742  40736  40755  40843  45931  46193  46225  50695  50723  50870  57689  58761  58777  58801  64338  64351  64366  64438 
Cell#063  249.8  048.8   030 :   7570  7686  9992  10008  10087  12101  16028  16043  16055  16085  20000  20141  28162  28778  28790  30651  30664  30678  35657  35664  36358  37567  37577  38466  38476  38656  42871  48386  52716  64458 
Cell#064  249.8  017.2   000 :  
Cell#065  258.4  066.0   023 :   877  2820  2842  5707  7742  8042  8059  15389  28401  28510  28538  30801  30828  35653  41754  46261  47091  52343  57881  57907  58752  60168  60353 
Cell#066  261.3  086.1   040 :   4345  4798  5702  5710  10164  12728  13015  13027  13536  14232  14291  14728  16987  17670  17684  17968  18550  18566  18605  22446  22944  22965  26701  28388  28403  28446  28537  29457  32286  32293  36799  46259  49780  51041  52667  52699  55002  55079  57916  62095 
Cell#067  264.1  112.0   040 :   2139  6383  6400  10157  12684  12690  13401  13528  13537  13555  15769  15778  15792  15820  19104  24452  24471  30672  30679  30694  30987  31379  34943  34952  34964  34994  35036  46915  46941  49778  49813  53987  55049  55254  59122  60481  62851  62866  62884  63306 
Cell#068  275.6  054.6   055 :   848  4511  4638  6094  6102  6387  7664  7799  8040  8953  12090  12681  13010  13542  14119  14239  15075  15284  15783  19108  19134  20487  28394  30454  30461  30511  30670  31901  31930  32278  33292  34941  34994  35008  35654  41762  42132  47532  47539  47573  47680  47838  50592  50628  50875  50892  52349  52430  55258  59845  59926  60132  60175  60209  60323 
Cell#069  275.6  086.1   047 :   624  758  2141  4123  7657  7668  7676  7689  7702  7783  7937  8210  8536  8547  8609  8673  8979  9010  10777  10790  12590  15153  15272  15289  15307  15787  16023  26704  27340  27366  27487  35630  35740  44615  50694  50721  52643  53053  53981  54161  54202  54349  57654  57942  59842  61139  62880 
Cell#070  275.6  112.0   064 :   421  852  1352  2729  2747  2829  4689  5485  5743  6432  6901  6929  7744  8149  8159  8305  9799  9817  11184  11212  13079  13363  14283  14506  14708  15144  15159  15173  16467  16505  21290  23415  23515  24327  24781  25402  25422  25485  25550  26379  26516  29648  29687  29867  31950  32278  32293  32321  32425  34438  34454  42553  42564  43989  43996  45441  45833  46617  48891  61131  61157  61192  62014  62303 
Cell#071  287.1  117.7   000 :  
Cell#072  287.1  086.1   047 :   1025  2120  2638  2730  6905  7675  7683  7782  8148  8195  9880  11183  13370  14267  14507  15089  15306  16031  17677  17872  17953  18220  21521  21539  21605  29816  29837  29920  31483  31565  32273  34441  41715  44260  49328  50888  51384  51469  51909  52196  52291  53624  54208  54440  58930  59051  62305 
Cell#073  295.7  066.0   048 :   594  1219  1238  2295  4101  4988  10812  10830  10872  10954  14582  14617  15023  15038  15086  20479  22343  22403  22895  22936  23040  23066  23170  25711  25894  32384  32577  32981  42167  42558  43046  43879  44251  45947  46717  47646  49559  49630  49700  49714  49735  49799  50081  50465  54045  57823  57849  58127 
Cell#074  301.5  045.9   004 :   1371  14297  14583  49775 
Cell#075  304.3  097.6   026 :   1769  1775  1786  1865  7217  7273  10392  14689  14812  18320  18388  22304  25063  28649  31301  31347  31432  43870  44309  46000  46083  53618  60727  61801  61894  62411 
Cell#076  310.1  057.4   028 :   2346  2564  2698  2737  3865  3878  3891  4020  4126  4295  4766  5701  5721  5739  5760  5930  6006  6029  6420  22909  24633  24670  24764  24794  40395  44581  44818  54047 
Cell#077  310.1  112.0   036 :   1770  1823  6311  7069  9810  14820  15187  15243  18308  21214  24764  25403  25670  26336  26376  35657  36874  37144  37172  37286  42779  44334  44481  45045  45063  45806  47539  47552  53102  55912  57899  57944  60385  61404  61949  62419 
Cell#078  315.8  143.6   046 :   2320  4273  4285  4305  4335  4379  4407  4470  4517  4596  4630  4741  4769  5325  5334  5447  11832  11849  11872  11947  14556  14603  14623  14662  26044  26064  26224  26338  30988  31063  32385  32508  33775  33804  34487  34499  34543  34592  35645  41988  44853  47533  55211  63314  64284  64334 
Cell#079  318.7  100.5   040 :   3296  7271  7291  7390  20059  20199  21252  25721  25750  25811  26164  26254  26328  26921  28013  28045  28172  35658  44492  45023  45060  45157  45392  45859  45900  47543  51005  51528  53105  53171  53387  58889  58918  59118  61378  61412  61433  61510  61526  62149 
Cell#080  324.4  014.4   006 :   852  22517  54640  60381  63299  63357 
Cell#081  327.3  146.4   045 :   4146  4896  4947  5101  9497  9872  10400  10623  10639  10658  11394  11423  11437  12102  14252  17541  21891  22418  23103  23131  23182  28082  28750  28930  32797  33071  34458  34568  35653  42796  42815  42835  42891  43108  43219  43520  43537  43571  43829  49216  49233  49247  49358  49436  51425 
Cell#082  327.3  054.6   040 :   1812  8215  8296  8374  8456  8557  10909  10934  11014  11099  13952  16960  22964  26535  27866  27879  27899  27912  27940  27955  28166  28386  28540  45808  45852  45935  46225  46279  46368  52284  52297  52325  52341  52422  55236  60679  64419  64435  64449  64506 
Cell#083  330.2  091.9   026 :   524  690  11634  11646  11665  19006  19071  19112  21152  21221  25106  29165  33924  33933  33947  33963  33974  33989  47311  47341  50952  50995  57012  57317  57530  60381 
Cell#084  335.9  023.0   009 :   15559  17341  17881  28869  54065  59857  60363  63310  63372 
Cell#085  344.5  134.9   057 :   2830  2846  2857  2875  3069  3091  3209  3546  4893  4997  7201  7237  14059  14094  22021  24357  24398  24418  24645  25314  26623  26662  26681  26905  30648  30799  30928  30956  33013  33025  35653  38475  39332  39667  44044  44115  44137  44257  44307  44557  45228  45244  45273  45544  45998  54023  54317  57880  57902  57942  58024  60774  61319  61607  61893  61920  62420 
Cell#086  356.0  169.4   030 :   321  1411  2121  2837  2863  3013  3067  5017  5155  11522  13944  22476  26379  29495  29507  30646  30908  30920  30930  32055  32383  34349  34590  35680  43118  43712  48131  48539  48550  49569 
Cell#087  361.8  068.9   011 :   9937  15153  15194  30996  35662  38474  38877  38950  39029  60375  64274 
