Total No of Frames = 65000  (1 frame = 2 msec)

Cell No.   X      Y    N_Spikes  Frames
Cell#001  005.7  143.6   051 :   271  408  424  458  499  546  671  818  846  1209  1245  1274  1805  1958  2065  2634  4787  5002  5296  6145  8185  8228  8285  9884  9965  10012  10282  10670  10712  13762  13901  14587  14755  15011  17973  24740  25891  26359  26386  27030  27108  29862  30536  37610  39401  43093  44034  44058  44106  48556  51016 
Cell#002  008.6  080.4   022 :   485  3016  3074  10282  10697  15537  15729  24080  24727  24752  32473  35109  35920  43551  46704  49427  49519  49696  49718  49744  50130  51332 
Cell#003  011.5  066.0   135 :   450  459  1326  1961  2364  3478  3928  4135  4147  4172  4328  5016  5216  5338  5893  6117  6285  6479  7255  10288  10356  10714  11456  12147  12660  13466  13655  13808  13936  14533  14593  14741  14781  14893  16095  16750  16842  17127  17317  17472  17631  17749  17960  18092  20444  21948  21971  21993  22356  22541  23959  24044  24099  24115  24179  24275  24741  24758  25902  26589  27034  27042  28182  28468  28488  28503  28952  29629  29697  31147  31586  31844  32112  32433  32515  33223  33876  34560  34658  35296  35356  35918  35946  36113  36394  36480  36997  37047  37378  37582  37641  41085  42918  43049  43557  44040  45833  47145  47181  48565  48696  49654  49696  49717  50128  50150  50572  51304  53793  55469  55678  55806  57145  57863  57956  58023  58049  58256  58501  58557  59647  59740  60180  61052  61232  61391  61687  61834  61991  62324  63182  63654  63783  64195  64255 
Cell#004  014.4  129.2   063 :   2735  4492  12475  12542  12562  12592  14118  22353  22474  23596  23788  24555  24613  24641  26315  26597  27236  28430  28487  35895  35906  36825  36867  36911  36939  38834  38880  38945  39005  39192  39713  39798  43231  43744  43789  43835  44135  48141  50155  52224  54099  56097  56134  56180  56222  56569  56701  60306  60456  61052  61386  61527  61548  61598  61615  61884  61975  62031  62076  62898  62979  64181  64245 
Cell#005  014.4  005.7   046 :   556  612  1958  2058  3519  3555  5938  7701  10288  10471  11535  13756  13801  13826  13885  14720  14810  14852  15341  15379  15531  17554  17639  20194  20429  23248  24936  27447  27786  30059  32218  32252  32296  35919  35988  36297  36353  36371  36511  47896  48178  50019  50137  50211  50557  61843 
Cell#006  017.2  094.7   000 :  
Cell#007  023.0  114.8   053 :   6314  8324  8450  10283  13777  13807  13901  14761  14778  14789  20216  20228  20461  20788  22927  26962  26981  26997  27053  27493  27507  27805  28064  28078  28119  29099  29125  29180  29210  29597  29790  41432  41446  41463  41496  44248  44336  44435  49231  49412  49427  49724  50145  50163  50285  50350  57140  59247  62260  62276  62288  62773  64273 
Cell#008  025.8  143.6   040 :   1815  2723  2753  11331  12543  12567  12648  14104  21254  21807  22000  23778  24548  24591  24657  24744  25637  26396  27627  27909  28430  28444  28543  30775  30886  32207  32454  32484  32802  35869  36388  36408  37133  41321  48210  48249  48558  62488  63654  63724 
Cell#009  034.5  091.9   166 :   886  1083  1142  1183  1196  1221  1294  1318  1373  1425  1515  1545  1577  1638  1689  1723  1778  2022  3006  3033  3059  3191  3273  3347  3426  3567  3673  3683  3723  3775  3882  3927  3994  4116  4150  4213  4229  4494  5027  5780  5926  6035  6115  6306  6328  6382  7311  7449  7839  8397  8415  8511  8577  8670  9112  10709  10788  11547  11564  11622  11680  11734  11885  12181  12939  12956  13797  14495  14509  14524  14618  14711  14724  15059  15114  15142  15240  15250  17749  17772  17857  17995  22300  22651  22667  23392  24115  25176  25194  25253  25302  27018  30220  30237  30276  30308  30367  30786  30904  31531  31843  32280  32321  32363  32431  33399  33639  33660  33861  34678  35917  35996  38363  38630  38644  38661  39109  40302  40359  40396  40706  40736  41082  41652  42324  42688  42728  43313  43568  43879  43956  44863  44899  45879  48545  49323  49391  49697  49963  49972  49988  50121  51539  51824  51837  52892  53102  53170  53271  54285  54300  57958  57985  58041  58061  60493  60649  60969  60981  61358  61372  61409  62019  64008  64030  64982 
Cell#010  037.3  040.2   043 :   4458  10279  10693  14965  16514  16531  16657  16686  17178  17380  18678  22218  22244  22266  24733  26099  26443  26457  27041  27364  27376  27631  36311  36355  39981  39994  40009  40112  40414  40428  42109  42157  42385  45925  45951  46079  46103  46129  46447  50157  50563  62399  62851 
Cell#011  037.3  017.2   015 :   3359  3439  6137  10292  22995  24109  24746  27029  27065  40178  40434  50131  51292  51555  52049 
Cell#012  040.2  109.1   124 :   4094  4136  4470  4486  4492  4513  4533  4597  4794  4932  5802  8633  8651  8676  8864  9108  10290  10709  10721  10740  10787  11367  11519  11673  11699  11721  11743  11868  12132  13807  13831  14773  15053  15233  15297  15634  15709  17154  17200  17975  17986  18000  18029  23380  23392  23407  23427  23475  23545  23614  23679  24112  24120  24147  24754  24795  26958  26970  26986  26996  27033  27100  27301  27425  30098  30119  30132  30153  30177  30301  33647  33663  33787  39067  39089  39097  39110  39149  39249  39317  39349  41281  42333  42403  42516  42681  42696  42709  42723  42736  42764  42779  42819  42836  42848  42861  42875  42890  42903  42917  42945  42986  48207  48227  48299  48327  48355  48440  48489  48557  50119  50126  50142  50176  50964  50991  51305  51372  59075  59260  62287  62301  62313  62356 
Cell#013  043.1  071.8   054 :   5772  6349  6488  6505  6797  10821  13981  14717  15926  17996  18118  18207  18390  18430  18443  19342  19382  20210  25271  26481  28460  28509  28648  32486  32863  33090  33112  34997  35271  35437  36050  37590  38875  39278  40935  41127  47085  47096  47105  47151  47361  50116  50157  52803  54789  54805  57144  60556  60590  61416  62327  63320  63344  64287 
Cell#014  048.8  028.7   000 :  
Cell#015  051.7  103.4   049 :   1091  1104  1188  6109  6118  6170  6375  15923  15932  15955  19683  19724  22523  22547  22567  22631  22876  22922  23000  23030  28498  35665  35715  40985  41004  41087  41119  41142  41273  45291  45323  45335  45505  55519  55529  58995  59005  59027  60792  60807  60945  60960  60976  61002  61073  61128  64737  64749  64821 
Cell#016  051.7  066.0   039 :   3550  3572  3844  3854  3923  4035  15708  15735  15898  16620  16629  16648  16678  16791  16804  16818  16886  16980  19063  19082  19110  19336  19354  22264  28354  34754  34804  34875  37051  37561  37659  37795  40350  40707  41016  41585  43048  43094  53333 
Cell#017  054.6  086.1   107 :   108  295  304  3864  3875  3889  4018  4245  4254  4268  4464  5820  5831  5853  5875  5911  8684  8701  8855  8911  9147  9469  9489  10822  11660  11677  11691  11747  11789  11832  13545  13979  13989  14008  14106  16633  16688  16758  16774  16801  17471  19346  19360  19397  19463  20415  20445  20473  20676  20710  23687  23733  23908  23992  27443  27472  28630  28693  28717  28793  28848  30610  30616  30637  30749  32404  32416  32443  36053  36070  36112  36185  36311  38741  38771  40715  40798  40813  41331  43688  43720  43778  44119  44144  44173  44298  45795  45822  46289  46302  46369  50126  50153  50236  57051  57071  57128  57430  57512  58048  58065  58981  59050  61602  61620  61635  61784 
Cell#018  060.3  057.4   034 :   8343  13795  13812  24043  24114  24744  24784  27037  34696  34738  36105  36113  36139  36245  36407  40095  40131  40178  49730  50137  50559  51282  55686  61547  61552  61676  62867  62882  62904  62918  62931  62984  63029  63587 
Cell#019  068.9  109.1   005 :   451  27040  50136  50162  57396 
Cell#020  071.8  074.6   059 :   439  447  458  480  7595  10280  10294  13748  13807  13817  19360  24079  24091  24107  24337  24748  24757  27017  27038  27046  27068  27083  30260  30288  30301  30316  30328  30344  30383  41481  41529  41560  47630  47671  47700  47713  47728  47742  47772  47808  47826  48562  49574  49707  49720  49746  50135  50162  50176  50551  50571  50585  50593  51075  51094  51297  51302  51589  51629 
Cell#021  071.8  137.8   000 :  
Cell#022  071.8  048.8   092 :   465  1831  1900  1924  1941  2024  2169  2264  2307  2437  4661  4716  4757  5770  6211  6272  6311  10994  11064  11112  11231  11244  14382  14396  14789  14986  15078  15665  20386  20423  23644  24096  25758  25783  25799  25842  25928  26259  26281  26333  26996  27019  27155  28078  28900  29168  35763  35774  35789  35844  35887  35899  35955  36682  36698  36779  36810  36878  36931  37008  42935  45117  45133  46957  49706  50125  51303  53324  53337  53361  53421  53626  53712  53838  53869  53879  54086  55794  55823  55849  55865  55932  60305  60480  60537  60561  60578  60603  62581  62595  62712  62877 
Cell#023  071.8  089.0   038 :   4079  4177  10289  13740  13803  24013  24022  24033  24084  24739  27020  27039  27059  27073  29984  30008  30286  47813  48506  48532  48561  49062  49654  49714  49728  49744  49754  49770  50127  50153  50163  50585  50598  50626  51088  51274  51282  51302 
Cell#024  080.4  028.7   014 :   7004  7308  8159  12184  12195  14560  14576  30128  30171  43036  43050  43078  43106  43134 
Cell#025  086.1  149.3   002 :   27032  32835 
Cell#026  089.0  043.1   003 :   444  17197  63315 
Cell#027  091.9  074.6   066 :   1466  1508  1605  4924  8964  9076  9090  9104  9187  9242  9285  13543  13600  16713  16724  16786  17885  17947  18183  18212  18310  24595  24618  24719  24873  25729  25743  26336  26490  26512  31849  34561  34602  34637  34832  34846  42248  42292  42320  45352  46751  46763  46844  46862  47085  47208  47245  47263  47367  47492  47506  54356  54364  56093  56104  56214  60505  60532  60589  60651  60726  60761  61085  61200  63588  63700 
Cell#028  094.7  057.4   017 :   16426  17174  17223  22265  22288  26591  29686  30127  35293  35309  35323  46186  46195  50155  57374  63314  63341 
Cell#029  094.7  091.9   027 :   470  6333  10289  13812  16531  16624  19192  19218  19228  19326  24122  24592  25395  34076  34162  44032  44830  49708  50141  50573  56417  57736  57767  59293  61388  61414  61485 
Cell#030  103.4  017.2   015 :   10284  11245  11899  13805  22916  24106  27027  48547  49679  49707  50137  50153  50577  51287  51308 
Cell#031  103.4  054.6   034 :   442  661  2393  2421  8787  9915  9941  9960  10011  14333  15809  18954  19353  26589  27773  27840  28592  28600  28621  28772  35358  35378  35435  48140  48552  49711  49743  50142  50153  53895  53954  62322  62393  62618 
Cell#032  103.4  071.8   027 :   11693  11778  12912  12953  26587  26888  27420  27436  27576  27773  27805  30264  30286  32315  34210  34253  38834  38873  38914  39126  39305  41103  48132  48163  49720  49734  50148 
Cell#033  109.1  126.3   002 :   456  5123 
Cell#034  117.7  097.6   000 :  
Cell#035  120.6  051.7   050 :   1053  2019  6512  6907  6920  10102  10283  10538  10890  12896  14007  14051  14214  14228  14792  15956  15969  16778  16790  17639  19675  19843  27035  32945  33125  34963  36489  36959  46391  46448  46824  46850  46921  47605  48560  49710  50151  51302  51315  53238  53546  53962  54051  56899  57653  59653  59736  63299  63306  63573 
Cell#036  120.6  031.6   241 :   281  775  835  955  1000  1012  1129  1463  1505  1653  2026  3862  3875  3911  3952  4789  5095  5109  5123  5134  6169  6371  6377  6753  7414  7525  7691  7781  8109  8861  9980  10004  10430  10448  10473  11725  11749  11892  11906  11962  12107  12146  12483  12499  12513  12890  13146  13325  13667  13717  14137  14210  14220  14480  15076  15090  15323  15408  15704  15872  16780  16953  16966  16979  17350  17374  18972  19063  19081  19109  19136  19171  19668  19835  19854  19906  20766  20793  21783  21792  21806  21834  21848  23211  23228  23822  23844  23907  24350  24379  24433  24753  26261  26275  26298  26519  27841  28029  28058  28075  28089  28172  29330  29469  29498  31181  31237  32837  32866  32910  33781  33797  33823  34111  34124  34259  34794  34910  34953  35435  35451  36416  36489  36720  36761  37284  38046  38078  38514  38538  38938  38968  39114  39162  39860  39898  40459  40514  40946  40985  41707  41752  41837  41890  41936  42076  42169  43282  43474  43490  43505  43856  44157  44173  44334  45155  45165  45183  46441  46466  46495  46630  48134  48174  48228  48562  48717  49258  49290  49704  49857  49868  49977  49993  50147  50297  51968  52038  52066  52105  52828  53238  53263  53276  53445  53483  53651  53683  54237  54250  54277  54849  54865  54937  55029  55610  56818  56978  56991  57041  57163  57364  57378  57488  57515  57570  57841  57861  58389  58450  58803  58819  58831  59386  59406  59429  59470  59890  60452  60461  60483  60500  60572  61483  61499  61519  62032  62075  62697  62714  62747  62767  62865  63479  63666  63716  63995  64011  64053  64116  64141 
Cell#037  129.2  094.7   024 :   445  10293  13805  20065  24110  24736  25926  26913  27039  31829  37688  38385  48577  49573  49714  49803  50148  50159  50565  50606  51288  51388  51816  64355 
Cell#038  137.8  023.0   042 :   1734  6163  6175  6293  9458  9490  10255  10282  10295  10318  10356  13801  13873  20295  21858  21988  22000  22031  22051  22213  22692  24115  26083  27034  33961  35280  35362  37669  39047  39076  39574  40140  41678  44930  44969  49717  50154  50165  50569  51293  51307  60141 
Cell#039  140.7  068.9   026 :   427  440  10279  13790  16187  16202  19827  19896  19921  20066  20827  20872  20894  20997  21137  24106  24141  24740  27025  48558  49702  49744  50147  50168  55251  55306 
Cell#040  143.6  160.8   003 :   10284  49729  51297 
Cell#041  143.6  051.7   059 :   27  42  55  110  481  10274  10284  10300  10456  10705  10720  10739  10888  11012  13801  13818  16829  16937  17552  24114  24746  24807  24875  24949  27031  27045  27072  27159  27211  29121  37863  37879  43872  43904  48562  48578  49701  49709  49726  49740  50031  50137  50155  50852  50889  50924  50992  51294  51301  51324  51549  51648  60955  61373  61388  61431  61505  61537  61766 
Cell#042  149.3  005.7   031 :   4476  9142  9168  9329  10278  11882  16884  17222  17644  22351  23497  23505  27209  27805  32676  40197  41687  48932  50148  52377  53869  53961  61237  61257  61270  61627  61870  61929  62037  63023  63782 
Cell#043  152.2  066.0   002 :   49715  50155 
Cell#044  155.0  155.0   006 :   10292  24110  27040  31819  49715  51296 
Cell#045  155.0  043.1   030 :   6130  8664  11908  13603  13794  16755  23025  27029  27750  28162  34976  39138  39200  43850  43869  43885  43896  45807  47707  49702  49718  50163  50576  51300  57207  60370  60931  60963  61269  61885 
Cell#046  157.9  140.7   003 :   24127  49708  50126 
Cell#047  163.7  063.2   022 :   4998  5802  10287  11881  13779  13805  24111  27029  27039  27222  40569  40586  49720  49738  50135  50159  50485  50538  50582  51304  60794  61387 
Cell#048  166.5  028.7   026 :   2802  4112  4128  4156  5801  5859  5885  5956  15675  15690  15745  16077  20643  20760  27226  27246  28580  28657  33034  33603  43653  60750  60763  60777  60791  60807 
Cell#049  169.4  083.3   014 :   7312  7326  13801  19336  19421  24106  24514  33461  33586  35618  48536  49741  50165  51304 
Cell#050  175.1  040.2   053 :   1463  4393  4422  5003  5016  5301  5338  6479  6509  6562  10280  13772  13810  14790  15234  15542  15555  15570  15720  15856  15898  17867  18556  19640  19664  23740  23807  24094  24102  24112  24294  24580  24745  24959  24988  27045  30359  34416  34446  35326  43802  44347  48555  49567  49738  50146  51293  52169  52184  56112  60109  64170  64205 
Cell#051  178.0  089.0   023 :   3598  3632  3700  10292  13806  21168  24108  24117  24754  26990  27028  27119  35354  43807  48532  49720  49729  50146  50160  51266  51876  56089  64340 
Cell#052  180.9  068.9   044 :   461  474  645  670  10269  10279  10300  13792  13799  13818  17171  17179  17994  18045  22229  22248  22256  24106  24120  27033  27040  27059  38360  48544  48555  48570  49721  49736  50147  50165  50581  50589  50713  51210  51272  51293  51305  51667  54757  54780  54793  54877  60624  60633 
Cell#053  183.8  100.5   030 :   469  653  3629  3647  3667  10270  10288  10311  11699  11718  13804  19955  24107  24150  24735  24754  27041  35297  35480  48533  48556  48577  49709  49724  50151  51266  51280  51874  55835  55866 
Cell#054  186.6  057.4   019 :   463  10273  10290  13806  13829  18002  24103  24108  24122  24750  27035  27042  48562  49708  49730  50149  50591  50632  51289 
Cell#055  189.5  083.3   030 :   467  477  1892  6538  10290  13775  13814  19481  23541  24115  24757  27021  27037  28456  35297  35472  36205  36403  48556  48566  49721  49788  50148  51301  51736  51764  54001  58167  58192  58284 
Cell#056  192.4  045.9   085 :   1891  2024  2040  4835  4880  6540  6549  7005  7227  10102  10121  10188  10243  10283  12165  13465  13510  13797  13811  14034  14105  15017  19478  20887  23551  24044  24114  24748  25533  25995  26016  27028  27042  30279  30296  30362  30606  32906  33223  33281  33304  34633  34695  35296  35308  35466  35478  35617  35631  35654  36408  36492  41454  41511  41555  41706  42327  47319  47344  47813  47837  48548  48568  49641  49701  49714  49743  49781  50142  50152  50165  50561  50601  51247  51268  51295  52627  52656  57461  58096  58164  58176  58221  58272  58288 
Cell#057  195.2  025.8   063 :   429  481  1669  3264  3505  5196  5212  5346  6959  6982  10290  12167  12183  13791  14094  14307  14409  15021  19234  19482  19687  20310  20767  20776  20806  20890  24118  24752  27024  27036  28811  30131  30615  31328  31357  31982  33749  34288  35488  35829  38806  39494  41739  41753  41796  43041  48566  49620  49700  49715  50159  54439  54643  56083  58175  58289  60047  60059  60105  60171  60322  60731  61890 
Cell#058  195.2  071.8   012 :   459  19929  27015  27086  35827  35875  35905  49522  49694  50135  51304  51726 
Cell#059  198.1  109.1   006 :   468  4438  13803  48565  49714  55798 
Cell#060  201.0  057.4   065 :   1699  3029  3475  6070  6305  9909  9951  10032  10235  14745  14774  15970  16983  17012  18002  18686  19257  19362  19440  19475  19501  19533  19939  19961  20638  24110  24750  26093  29165  30279  30287  30372  32044  32258  32272  35297  36229  36246  36442  43954  43967  43978  43993  44008  44027  44058  48576  48597  49316  49702  49764  50143  50149  50175  50577  51302  61492  61700  61713  61722  61731  61744  61799  61826  62994 
Cell#061  201.0  091.9   027 :   4423  4447  4462  4474  4677  4816  22699  22716  22786  23284  23311  24098  26598  27031  28969  29052  33356  33383  40013  45768  45829  45889  55794  55804  55818  55832  55848 
Cell#062  201.0  137.8   000 :  
Cell#063  206.7  103.4   029 :   3502  5904  6037  10300  13474  13545  13573  13620  13670  13758  13779  13837  24102  24125  24140  24756  38864  44036  48535  49718  49732  50138  50720  51275  52556  55817  61775  61997  62088 
Cell#064  212.5  043.1   098 :   952  2508  3479  3494  3506  3907  4130  6078  6118  7785  10639  12390  13758  13788  14780  14792  14818  17986  20014  20042  20188  20259  20275  20291  20586  20599  24114  24125  24154  24744  24751  24763  24805  26174  26194  26563  27022  27029  27046  27211  27222  27767  27813  29653  29691  33116  33128  33178  33234  33279  33293  33348  34116  34223  36893  37681  37696  38543  38861  38991  39004  39043  39108  39782  40034  40053  40534  40561  40591  41373  41436  43048  48546  48557  49705  49715  49729  49739  49751  51287  51295  52540  52553  52587  53071  53092  54595  55811  58245  59492  59649  59661  59693  61475  61484  61711  61822  64347 
Cell#065  212.5  063.2   102 :   939  953  995  2106  2127  2505  2517  2737  2772  3470  3597  3893  3906  3918  3943  4040  4095  4126  6016  6037  6074  7765  7781  7931  10626  10638  10818  11318  11354  11591  11632  12012  12405  12720  12810  12913  13239  13474  13500  13762  14772  14845  16633  16799  16877  20013  20024  20039  20050  20062  23528  24124  26546  26559  26573  26580  26595  26608  26624  26638  27042  28079  28093  28266  33246  33481  35429  36290  36299  36360  38542  38559  38656  38859  42441  42456  42487  44030  48554  48559  49148  49715  51281  51487  51499  53646  54079  54129  54156  55515  55800  56488  56691  57548  60475  60922  61044  61186  64355  64385  64451  64480 
Cell#066  218.2  089.0   009 :   26554  26599  27032  39301  48551  48567  60779  60794  60848 
Cell#067  223.9  031.6   017 :   17171  17191  17260  19462  19666  20185  20746  21490  22691  24109  24118  26967  27036  27073  44027  44333  56922 
Cell#068  226.8  103.4   016 :   431  10284  13797  22345  24027  24114  24747  25995  27031  42166  44330  49713  50135  59263  64179  64325 
Cell#069  229.7  060.3   057 :   453  9619  10208  10235  10276  10295  10503  10520  10667  13719  13748  13775  17156  17169  17192  18705  20169  20182  20754  20768  23807  24118  24268  24282  24297  24338  24518  24611  24753  27031  31788  31832  34135  34148  34170  39965  42903  43111  44332  44346  44409  47347  49732  49776  50109  50129  50140  50154  51280  51652  52298  52901  55521  56928  64170  64196  64237 
Cell#070  238.3  080.4   051 :   452  5332  7419  7466  7801  8502  8512  10290  10332  11990  13799  13831  22949  23040  24100  24743  26606  26986  27004  27032  27103  32062  32229  38186  42938  42995  43838  44531  45292  45498  45514  46648  48565  48590  49582  49722  49736  50140  50155  50173  50560  50583  51273  51299  56276  60901  62313  62414  63802  64513  64530 
Cell#071  241.2  043.1   091 :   432  981  988  996  1221  1957  2224  2859  2869  2880  2895  3341  3355  5314  5325  6125  6147  6552  10288  12658  12820  12830  12848  13465  13619  13626  13654  13812  19546  20100  20107  20123  21485  21495  21854  22343  22363  25612  25995  26006  26015  26029  26044  27019  28406  28419  28436  29395  29624  29932  29940  30155  30174  30183  30295  33030  33197  33208  35118  37036  37048  37709  37725  37991  38017  38799  39487  43790  43797  43809  44026  46894  49732  52361  52375  52759  52783  54160  54275  54284  54299  55251  55269  55284  57315  58665  59263  59302  60412  61274  61302 
Cell#072  244.0  063.2   033 :   60  78  437  1801  7430  8511  10282  15929  15939  15953  16321  16383  21068  21179  37705  37718  37734  37759  39480  39499  49191  49254  49310  49331  51274  54202  54383  56275  56399  56483  56494  56509  56682 
Cell#073  249.8  094.7   021 :   1330  2292  2310  3933  4240  7238  7342  7892  10945  13807  27027  33351  34506  34660  36182  37804  53944  57516  57553  58168  60660 
Cell#074  252.7  045.9   052 :   463  615  2224  2241  2762  2784  9810  9831  9848  10257  10275  12760  12767  12780  12824  12864  13801  17988  18119  20501  20518  24111  24564  24573  24591  24616  26031  33116  33460  33475  35907  38997  42799  42814  42842  43058  43075  43485  43507  47329  47571  47583  48572  49629  52800  52820  52853  52964  58600  58622  61471  61486 
Cell#075  261.3  083.3   048 :   393  479  491  11751  11769  13734  13750  13758  13772  13786  13817  15328  15342  20488  24108  24121  24740  24758  24767  24866  24894  27012  27020  27034  27049  29148  29166  35905  35938  47475  48565  48578  48593  49722  49732  50159  50171  50719  50732  50745  50760  51649  51664  51692  53789  61787  61812  64598 
Cell#076  269.9  051.7   062 :   482  1912  1936  2209  2216  2230  8769  8966  11238  11253  11291  14790  15175  15187  15216  15868  15905  17233  20955  21094  23488  23506  24122  24740  24755  24809  26664  27173  27195  27227  27339  33077  33125  35909  35938  37346  37385  37396  37436  43247  43263  43469  43483  43496  44989  52120  53358  53617  53660  55071  55103  55961  56003  56896  56907  56922  58595  58617  62794  62808  62825  64762 
Cell#077  281.4  089.0   088 :   445  1487  6758  6765  6783  6916  6929  6944  6958  6998  7250  7260  7931  13795  14956  14970  15189  15198  15215  15230  15249  15276  15316  15679  16916  16959  16971  17163  17223  17234  18726  19578  19614  19635  19646  19656  19697  19741  23950  23978  24095  27031  27039  27791  27844  27953  27990  28613  32843  32856  32870  32954  33023  33245  33260  35927  35941  35954  35969  36077  38280  38288  38295  38316  38332  38346  40030  42937  43034  43045  43086  43141  44042  44048  48316  48557  48572  49064  49076  49107  50162  51517  55464  55490  58144  58186  58238  58254 
Cell#078  281.4  157.9   003 :   1415  13831  41567 
Cell#079  284.2  068.9   081 :   1485  1499  1556  6457  6476  7557  7574  7601  7921  7977  8013  8060  8575  8617  13799  14971  15260  15268  15281  15295  16963  17997  19740  20043  20071  20152  20486  23962  23980  24300  24471  24483  24566  24957  24976  25002  26570  27022  27034  27101  29639  31867  31978  31993  32389  32418  35251  35267  37002  37022  37030  37045  38268  38287  38460  38474  40927  40939  41355  41381  42353  42366  44703  44851  48564  49061  49082  50152  52831  52851  55464  55632  57768  57783  59794  60169  60179  60206  64594  64610  64652 
Cell#080  287.1  112.0   016 :   6768  6930  6967  7233  7261  15173  15300  15638  15672  19577  32852  35929  38285  39885  42984  43024 
Cell#081  298.6  109.1   054 :   817  823  855  963  1412  1420  3075  3084  3139  5340  5349  5358  10271  10277  10294  13819  13831  18429  18453  21658  22452  22459  22473  27944  30727  30755  36217  36229  36236  36258  38527  46687  46697  46712  46742  48294  48309  48325  48509  51001  51014  51050  51070  51080  51092  61000  61013  61735  61770  61780  61796  61811  61904  64409 
Cell#082  298.6  083.3   053 :   1380  5344  5520  5531  6041  6055  6112  7956  7973  8024  10263  13302  13322  13412  15734  16003  16027  17985  22270  23150  24093  24120  27916  30680  33245  34018  34742  34747  34758  40722  40752  40853  46470  46488  46715  48305  51071  51269  53934  53948  53964  53975  54110  54136  54742  54749  54761  54817  60599  60615  60623  60629  63443 
Cell#083  307.2  063.2   164 :   963  1034  1371  1400  1554  3361  3403  3759  3963  3976  4242  4267  4318  5171  5212  5343  5435  5484  7224  7237  7250  7960  7977  7989  8003  8086  10282  10297  10656  10697  11300  11369  11662  11674  11684  12727  12775  12969  13417  13444  13870  13880  13894  13920  14001  14050  14075  14126  15717  15731  15822  19155  19332  19561  20515  20535  20546  23032  23049  23136  23169  24065  24095  24108  26927  26936  27000  27061  27909  27916  27929  27959  27985  27998  28078  28122  32596  32942  32958  33248  33262  33387  33415  34291  34311  34743  34754  34765  34806  36782  37211  37239  37446  37984  38000  38026  38096  38125  38263  38277  38682  38724  38887  39849  39864  40422  40434  41505  41608  41715  46246  46274  46289  46417  46682  46705  46847  47011  47728  48316  48347  48557  53125  53172  53222  53255  53281  53337  53527  53757  53793  53808  53956  54834  54841  54850  55252  55276  59285  59450  59587  59632  60619  60633  60646  60659  62151  62205  63039  63046  63070  63084  63350  63587  63607  63623  63666  63831  63850  63874  63891  63902  63917  64094 
Cell#084  310.1  109.1   025 :   1881  6395  6761  6792  6802  9075  10271  10291  13806  15723  15918  25231  34980  35192  37428  38130  40944  40968  41097  52437  52506  53670  62326  62621  64873 
Cell#085  310.1  094.7   037 :   3002  3017  6088  6105  6392  6767  9764  11428  11449  14569  15720  17261  17277  20771  24110  25262  25648  27712  34988  37445  37665  38117  38133  40562  40951  41173  47099  47207  52533  56093  56107  56422  61273  61300  61326  62319  62622 
Cell#086  310.1  034.5   000 :  
Cell#087  312.9  045.9   073 :   54  169  5344  6177  6204  8676  8704  8721  10034  10149  10166  10263  10557  10569  11842  11912  12325  15645  15675  18580  20232  20242  20652  20670  20682  20694  20709  20778  22615  22667  24106  24121  24744  31060  31077  31135  34020  34035  34088  34223  38282  38293  38309  38881  42605  42622  42940  44687  45459  45497  45535  47105  47115  51269  51280  51955  51979  52024  53047  53064  53076  53096  54617  54648  57433  57445  58351  59131  59153  59642  59697  59714  59735 
Cell#088  324.4  103.4   100 :   435  443  475  556  657  4136  4146  4215  4234  10288  10300  11570  11596  11623  11695  11723  13802  13812  14795  14811  14839  15541  15561  15683  15734  18852  18886  19205  24112  24118  24289  26580  26587  26651  27012  27023  27037  27047  28066  28460  28472  31859  31884  31895  32435  32451  32503  33128  33142  36789  36953  36965  37152  37738  37753  37768  37906  38807  38818  38830  38851  38883  38923  39125  39145  39174  39560  39573  47220  47238  48547  48553  48559  48572  49542  49549  49721  49731  49767  50726  50745  51102  51187  56913  56931  57450  57511  57762  57777  57846  60295  60309  60443  62314  62324  62351  63524  63537  63545  63625 
Cell#089  324.4  086.1   116 :   1299  1369  1383  1523  1771  1781  1786  1799  1814  1827  1857  1871  4138  4772  4807  6712  6720  6737  6752  6763  6909  7275  7289  7332  7472  10280  10293  10852  10867  10950  10963  10971  13421  13496  15338  15346  15539  15900  15905  15914  15928  15944  15958  16298  17979  18066  18073  18080  18113  18148  21500  21511  21573  22842  23880  24113  24268  24278  24354  25955  25965  25972  26212  26230  26238  26249  26274  27046  31392  31399  32971  32982  32988  32994  33009  33121  33295  33302  33315  33332  33412  41361  41510  41565  43023  43043  43085  46118  46471  46479  46496  46536  46549  46563  47216  47505  54437  54458  55734  55747  56392  56463  56477  56485  56500  56514  56598  56894  56932  57754  59208  59214  59232  60303  62328  63529 
Cell#090  330.2  048.8   004 :   6691  10288  10305  43053 
Cell#091  333.0  132.1   007 :   10287  49565  49659  49718  50165  50195  60789 
Cell#092  350.3  126.3   020 :   10284  13799  17839  23578  23602  24110  27037  27056  32846  33070  35925  41442  41466  41492  46512  48556  49681  55697  64848  64945 
Cell#093  353.1  140.7   041 :   1433  1452  1463  1490  1518  3670  10291  12659  12728  12763  14773  15093  17840  17870  21963  22456  23583  23598  23716  26452  27039  30351  30799  31439  32855  33089  38874  41445  41465  47920  48554  48564  49683  49714  49733  52448  53806  53915  53956  54344  55365 
Cell#094  356.0  149.3   051 :   197  1496  1511  2239  2266  8925  22454  23717  23731  26451  26464  30802  30816  30830  30859  35892  35928  40308  40367  44983  45152  45607  45626  47924  47938  48558  48567  48574  49675  49685  49691  49692  49719  49731  50064  50117  51317  51335  53805  53813  54339  54356  55359  55375  55437  59424  59435  59505  59853  62336  62358 
Cell#095  356.0  100.5   126 :   1805  2526  2534  2545  2883  3186  3200  3486  3505  4774  4797  4867  6910  6939  6965  8398  10981  11116  11328  11368  11564  12313  12322  12332  12957  12976  13416  13426  13437  15332  15340  15351  15652  15672  19958  19970  20434  20443  20560  20571  20585  20950  20961  21029  21324  21345  25223  25234  25257  27797  29285  31288  31296  31312  31366  32148  32156  32162  32185  35303  35476  35520  35532  35546  35603  35927  35934  37748  37764  37779  38142  38153  38170  38355  38749  38759  39945  41232  41258  43132  43238  43246  43260  43371  43859  43880  46116  46126  46512  52180  52310  52636  52963  52971  52979  53005  53338  53353  56094  56391  56410  56476  56492  56668  56678  56689  56700  58025  58039  58049  58655  59949  59966  60085  60099  60108  60731  60747  61154  61162  61192  62307  62314  62321  62335  62559 
