Total No of Frames = 65000  (1 frame = 2 msec)

Cell No.   X      Y    N_Spikes  Frames
Cell#001  005.7  114.8   042 :   2410  2421  2814  14496  16660  17149  17187  17211  17263  17271  19439  19464  19531  21503  21530  21558  28602  28612  28617  31801  33191  33206  33225  34276  34329  37280  38435  38601  38715  42736  45094  45112  45123  45139  45331  56726  57017  57033  59567  59586  63554  63590 
Cell#002  011.5  086.1   029 :   7434  7438  7444  7452  7462  7473  33988  33991  34005  34011  34029  34095  34145  42343  42380  42430  64070  64077  64087  64095  64107  64189  64858  64866  64872  64881  64889  64904  64979 
Cell#003  011.5  157.9   055 :   7043  7090  10800  10806  10814  10820  10842  14607  14622  14668  15758  20705  20728  23666  23675  23682  23703  23731  24035  24068  24108  28800  28816  28841  28923  36315  36465  43387  43393  43403  43410  43424  43434  43493  43608  43637  43722  55458  55490  55567  55617  56729  56737  56743  56763  56768  56786  56794  58452  63235  63248  63268  63292  63314  63400 
Cell#004  014.4  034.5   030 :   2365  2372  2380  2411  4082  4093  4099  4112  8059  8066  14970  14978  14979  14984  14997  15091  32576  32582  32587  32599  32613  33222  33240  55148  55157  55170  55715  55725  55732  55744 
Cell#005  020.1  063.2   052 :   4574  4584  4596  4613  4625  5648  7752  7772  7837  8076  9234  9240  9246  9254  9261  9267  9279  14009  14019  14024  14033  16468  18876  18888  19071  19091  19109  26966  26970  26994  27061  32853  32860  32871  32901  42730  42746  42755  42762  42781  42797  42842  56039  56046  56054  56071  56089  56103  56122  56480  57666  57743 
Cell#006  025.8  137.8   073 :   559  565  9499  9538  22020  22045  29650  29655  29668  29709  29731  29754  29795  29861  29895  29899  29907  29925  29947  29957  29976  33187  33201  33224  36955  36974  36993  37004  37022  41883  41893  41901  41907  41920  41995  42002  45530  45537  45545  45570  45613  47064  47070  47077  47087  47109  50056  50066  50074  50085  50093  50104  50123  50184  53809  53817  53842  53892  58128  58138  58148  58187  58759  58770  58820  58840  58862  58916  58936  59002  59010  59030  59078 
Cell#007  028.7  117.7   042 :   895  902  919  952  987  1030  1055  1083  1092  1099  1220  12898  13029  13037  13063  13081  13101  13129  13142  13209  33220  33223  33232  33245  33264  33998  37776  42775  42789  42802  42815  49621  50767  50776  50780  50787  50794  50904  51321  53704  53725  53764 
Cell#008  028.7  031.6   004 :   556  20210  21742  52511 
Cell#009  034.5  083.3   095 :   3688  3701  4574  4598  4619  4663  4733  4742  4825  7752  8080  9231  9250  9303  9329  9429  12580  12591  12645  12675  12714  12803  13818  13839  13891  13920  13958  13985  14020  14064  16987  17075  17911  17924  17954  17996  18018  18049  18295  18357  18880  19074  23433  23441  23448  23461  23468  23483  23493  23520  23680  25773  25786  25799  30340  30351  30357  30388  30419  30465  30552  30667  32861  41368  41394  41433  41597  41624  42732  42744  42868  47623  47628  53543  53553  53570  53584  53620  56039  56069  56113  56160  57668  58460  58469  58474  58480  58493  58545  59048  59062  59084  59101  59131  59175 
Cell#010  040.2  051.7   024 :   3692  3700  3710  3764  3884  4302  4308  4316  4324  4329  4365  4393  4598  16473  16480  16495  16565  47623  47643  47656  47695  47732  47772  47812 
Cell#011  043.1  143.6   077 :   506  516  524  541  550  609  629  1022  1035  1076  9074  9086  9099  9768  9814  13578  13661  13794  14142  14149  14159  14171  14215  14411  15345  15373  15421  18970  18976  19043  22774  22801  22826  22837  25702  25728  30084  30090  30118  30149  30272  30332  30828  30846  30862  30879  35270  35293  35310  35430  35587  35638  36297  36315  36379  36528  36597  42260  44050  44113  44158  44230  44295  44366  44412  44459  44687  44819  49883  49890  49901  56125  56268  56889  59833  59838  59855 
Cell#012  043.1  123.5   071 :   896  1090  6506  6531  12891  12932  13036  13171  13216  18247  18276  18304  18327  18389  18443  18486  18527  18621  33192  33240  33260  33280  33291  33303  33313  33322  33347  33385  37779  37792  37823  37842  37892  37927  37981  38025  42781  49611  49622  49633  49651  49671  49714  49776  49786  49792  49828  49876  50003  50565  50577  50585  50758  50903  50910  50917  50924  50935  50958  51062  51164  51326  51339  56899  57434  58134  58158  58227  64247  64271  64294 
Cell#013  043.1  068.9   009 :   4302  4311  12587  32577  36084  36094  55721  55782  58128 
Cell#014  045.9  209.6   042 :   12717  14875  14885  14912  17282  17296  17302  17358  17399  17437  17516  19778  19788  19911  19930  23731  23740  23745  23760  26275  26297  37662  37675  37686  37712  37732  37741  42307  42315  42328  44945  44963  49268  49274  49290  49305  49355  59964  59970  59985  62658  62668 
Cell#015  051.7  023.0   006 :   45721  45731  45809  45844  54223  61024 
Cell#016  057.4  066.0   011 :   2948  2969  3698  4091  4296  33188  33212  50751  50758  50766  50774 
Cell#017  060.3  117.7   131 :   860  872  895  1025  1058  1086  1109  1564  6128  6191  6394  6410  6453  7512  8855  10692  10703  10834  10885  11000  11063  16476  21710  21737  21771  21925  22693  22711  23516  23541  23591  23614  23668  23743  23781  23835  23861  23943  23998  24210  24290  24346  24378  24425  24491  24517  24567  24612  24678  24817  31489  31496  31517  31592  31683  31874  31887  31909  31926  31936  31953  31972  32125  32197  33207  33427  34987  37391  37416  37531  37857  37920  37945  38107  38138  38281  38313  38531  38549  38560  41368  42732  42743  42761  42809  42910  42929  43058  43356  43383  43408  43454  43602  43621  43791  43822  43929  52200  52211  52367  52410  55683  55780  55910  55926  55955  56152  56390  56410  56419  56489  56610  56658  56678  56750  56781  56842  56872  62696  62705  62721  62731  62770  62824  62884  62898  63086  63154  63209  63227  63495 
Cell#018  060.3  137.8   008 :   2843  2891  2906  21636  21648  31953  48217  48238 
Cell#019  068.9  080.4   018 :   7051  14672  15747  15751  15767  16479  16489  16509  24406  25225  25236  25254  33183  34676  34683  34959  45312  50755 
Cell#020  071.8  054.6   078 :   5822  5833  5851  14679  14696  14712  15346  15357  15366  15376  15408  21745  21757  21770  21779  24868  24874  24885  24894  24904  24920  24937  25097  39187  39200  39213  39234  39260  39490  44055  44062  44073  44078  44099  44159  44241  44253  44272  44300  44403  44422  44445  44662  44672  44679  44689  44768  44913  54831  54838  54850  54856  54860  54881  54923  54985  55026  56788  56801  56818  56891  56900  56906  56953  57223  57239  57253  57263  57270  57443  57511  57558  57563  57670  57833  64631  64637  64693 
Cell#021  071.8  106.2   039 :   2611  7054  8042  8279  8287  8296  15581  15629  17947  17960  18251  18313  18331  18365  23200  23211  23234  23289  31481  40334  40340  40372  40417  40452  40509  49501  49509  49542  49578  49639  55201  55225  58154  58307  62240  62422  62432  62445  62490 
Cell#022  080.4  045.9   145 :   830  836  863  1045  5823  6122  6133  6143  6155  6161  6398  6434  6647  6673  10683  10695  10705  10725  10865  14684  15345  15364  21690  21698  21710  21717  23516  23523  23541  23592  23598  23626  23636  23647  23656  23705  23747  23786  23808  23825  23902  23937  23996  24003  24063  24169  24175  24212  24233  24876  24910  31152  31467  31489  31496  31506  31515  31893  31909  32331  32340  33188  33193  33203  37390  37399  37409  37427  37918  37924  37930  37939  37953  38154  38210  38575  38595  39187  39209  42736  42745  42765  42810  42815  42921  42925  42933  42943  43408  43471  43516  43629  43662  43805  43812  43820  43855  43892  44072  44250  44409  44672  51751  51759  51774  51782  51808  52018  52028  52044  52162  52222  52236  54838  54851  55904  55915  55934  55957  56158  56204  56210  56408  56420  56431  56438  56453  56780  57240  57274  57439  57564  62705  62711  62719  62881  62890  62895  62900  63198  63205  63226  63289  63354  64634 
Cell#023  086.1  100.5   008 :   2386  2396  2403  2419  6641  6681  7525  7556 
Cell#024  089.0  028.7   097 :   1985  2251  2257  2261  2275  2323  2430  7374  7385  7423  10266  10275  10284  10339  10355  10400  10447  10482  10697  14816  14827  14838  20222  20236  20242  20253  20258  20274  20344  20351  20373  20400  20433  20480  20508  20562  20570  20596  20607  20648  20673  27743  27753  27758  27769  32126  32135  32149  32198  34252  34260  34274  34298  34310  34336  34505  34529  34590  36537  36547  36560  36583  36919  36925  36938  36955  37389  39986  41001  41019  42920  44834  45665  45678  45696  45760  54057  54105  54111  54213  54220  54277  54359  54411  54475  54683  55312  56379  56418  60963  60974  60979  61040  63885  63894  63913  63930 
Cell#025  089.0  134.9   086 :   385  739  781  1195  1288  1714  2342  2423  2596  2607  2613  2619  2628  2686  3207  3313  5220  5225  5407  5450  6747  6771  6831  6933  7031  7042  7049  7077  7098  7132  10757  14643  14675  14758  14778  15261  15340  15599  15608  15625  22869  22878  22893  23087  23728  23800  23836  23986  24305  29494  29514  29530  29711  31498  31553  31609  34209  34803  34810  37112  37136  37155  37241  38801  38810  38823  38864  39051  40455  40470  42505  42927  42990  55193  55957  60232  60252  60360  60373  60685  60727  61004  61193  61225  61261  62893 
Cell#026  094.7  120.6   043 :   2405  4620  4628  5168  9297  9315  16477  18557  21359  21497  21579  21688  21737  25331  25443  25705  25745  25892  29353  46221  46242  46323  46598  46668  46758  46827  46888  47551  47567  47982  52053  52081  52740  52758  52900  53111  53143  59086  59247  59390  59416  59565  59647 
Cell#027  094.7  068.9   061 :   1508  7843  7854  7884  7934  14666  14679  14699  14845  14857  14888  14918  14948  14958  14970  14981  14991  15184  17318  17329  17352  23621  23628  23637  23648  23657  23709  23754  28568  28574  28585  28593  34272  34278  34403  35728  35735  35753  35788  40572  40588  40594  40631  55707  55717  55728  55735  55759  55778  55809  55912  56719  56728  56739  56768  56810  56888  64142  64148  64156  64168 
Cell#028  097.6  166.5   000 :  
Cell#029  097.6  045.9   022 :   27845  28269  28281  28286  28292  28307  28462  30075  30088  30094  30102  30138  30527  38713  38721  38729  38747  63405  63411  63436  63521  63606 
Cell#030  103.4  114.8   025 :   7515  7525  7535  7610  11135  11147  11155  11186  11216  33224  34284  34293  34306  47981  50693  50707  50720  50728  50745  50789  54834  61991  61999  62027  62043 
Cell#031  120.6  071.8   033 :   8429  8435  8453  8478  8495  8517  14944  14952  14962  14972  27717  27722  27728  27739  27751  27759  27838  33211  33219  33234  33249  33298  42335  42346  42354  42376  45400  45413  53395  53411  53433  59170  59182 
Cell#032  120.6  094.7   058 :   5409  5415  5431  5439  5447  5467  5548  10267  10274  10286  10296  10324  10377  10691  15273  15657  15668  15706  22629  27712  33215  35030  35037  35044  35063  40337  40345  40352  40385  40433  40505  40987  41013  48034  48051  48142  48217  49764  49773  49778  49788  49880  53593  53603  53644  58200  58213  58225  58237  58260  58290  58337  60692  60704  60713  60720  60746  62754 
Cell#033  126.3  045.9   000 :  
Cell#034  132.1  071.8   052 :   1515  2214  2225  2333  2360  7225  7242  7276  7359  7403  7488  9621  10422  10454  10500  10774  14796  14807  14816  20186  20240  20342  20557  20570  20593  25231  25415  25420  25716  27730  27738  32123  34243  34254  34406  34543  34606  34670  36527  36914  36931  36966  40657  45681  45693  45716  46163  54095  54103  54256  54356  60947 
Cell#035  140.7  043.1   028 :   14969  14976  14991  16470  16480  16487  16493  28967  33244  33265  33384  33509  33516  33528  33550  33571  33627  35727  35748  49707  49718  49883  50035  61635  61639  61689  61714  61973 
Cell#036  140.7  109.1   091 :   2216  2222  2243  2267  4332  4391  7233  7239  7247  7270  7312  7361  7413  7489  7533  10293  10353  10422  10428  10549  10644  13709  13972  14009  14057  14120  14808  14814  14827  20198  20235  20242  20249  20338  20346  20559  20565  20574  20599  25229  25249  25373  25414  25434  25447  27731  27738  27744  27763  27800  32125  32134  32153  34251  34261  34285  34594  34605  34649  36534  36924  36931  37189  38274  38302  40653  40674  40732  45675  45687  45694  45702  45743  48604  52250  52259  52393  54099  54105  54117  54196  54258  54354  54426  60950  60959  60967  60977  60991  63923  63977 
Cell#037  143.6  086.1   053 :   1511  10767  10791  10817  10848  10891  10948  16483  18077  18148  18189  18255  20548  24015  24022  24109  24308  24359  31811  31845  31922  31934  31948  32007  33185  33512  37908  37924  37976  42193  42316  43472  43492  49155  49166  49188  49225  49290  49348  49410  49486  49509  54050  54891  55005  55102  60381  60405  60503  60611  60657  63356  63366 
Cell#038  152.2  054.6   043 :   2691  2696  4592  4606  4614  4627  13446  13466  13515  19648  19655  19679  20131  25104  25111  25770  30101  30409  30418  30960  33524  33758  33763  33791  39899  39912  41376  41397  41597  41608  41618  46309  46316  49505  51848  51855  54767  54984  55038  58543  58556  58567  58790 
Cell#039  155.0  094.7   017 :   23893  23908  23981  25121  28748  28754  28762  28770  28782  28808  39907  49500  54054  54060  54066  54074  54080 
Cell#040  157.9  074.6   060 :   2691  2767  4586  4592  4617  4639  4669  19649  19659  19671  20134  20172  20203  25103  25112  25117  25123  25772  28755  30410  30964  30978  30991  33530  33534  33568  33759  33767  33774  33793  39898  39907  39919  39925  41392  41397  41402  41464  41579  41600  46307  49503  49509  49523  49616  51852  51881  54050  54763  54768  54777  54789  54801  54826  54886  54914  54979  54990  58541  58559 
Cell#041  166.5  048.8   024 :   23989  24005  24011  24065  27059  27068  27076  27128  27152  27367  27373  27382  27387  27389  27395  27401  50223  50233  50243  50251  50262  50487  50592  50644 
Cell#042  178.0  097.6   019 :   5562  5574  5598  7040  7071  7757  7766  7873  16392  16407  16421  16462  16509  58896  58903  58954  58988  64797  64888 
Cell#043  178.0  040.2   060 :   3266  3335  3371  7042  17969  19025  19080  19113  19220  19320  19363  27381  31361  31383  33225  34562  34605  35466  36254  36268  36399  36958  38802  38860  39125  40158  40220  45567  45618  45680  45909  46071  46129  46430  46515  46582  46881  46934  47041  47826  47912  51503  51578  51768  52362  52386  52775  52851  52919  53094  53127  53202  53232  61284  61408  62211  63395  63484  63519  63554 
Cell#044  189.5  114.8   013 :   1381  1420  17466  17528  17608  17619  51690  51743  52057  52383  56324  56341  56487 
Cell#045  189.5  034.5   019 :   1417  1442  1525  5386  35291  35336  35368  46590  46597  46693  49497  49509  49540  56298  56305  64815  64828  64846  64877 
Cell#046  192.4  089.0   005 :   33187  33195  33219  33289  33331 
Cell#047  195.2  132.1   026 :   373  701  1384  7047  17520  17609  17668  20994  21236  26384  26818  31016  36312  36527  49511  49875  51695  52061  52078  52121  52157  52784  56060  56321  56327  56355 
Cell#048  198.1  051.7   011 :   34598  34605  35282  35292  35335  35516  63181  63197  63211  63218  63227 
Cell#049  201.0  023.0   037 :   1232  1424  10556  10571  10588  10594  10599  14958  14993  15116  15126  15134  15140  31797  31805  31817  31829  31892  31948  31965  31999  32028  32115  32131  35791  40195  40202  40211  40218  40221  45264  45271  45281  48119  48125  49493  56297 
Cell#050  212.5  109.1   049 :   1332  1355  6224  6278  6815  6824  6840  6911  6954  7673  7713  7748  7774  7894  7926  8004  8040  8178  8185  8195  8224  8283  8399  8497  16305  16321  16374  17162  17177  28214  28229  28237  29345  35190  35277  35461  39486  39531  56139  56160  56183  56238  56304  56342  56475  56486  56520  56555  56750 
Cell#051  215.3  051.7   030 :   481  497  548  834  1002  1636  4255  4265  4281  4350  4361  4386  5994  6013  6076  14508  14649  15123  33430  35281  40083  44463  51503  52817  52822  52832  52864  52888  52937  54455 
Cell#052  221.1  091.9   046 :   8411  8520  8717  8766  18431  18453  18538  20334  20367  20412  20612  20628  20638  20913  21047  21079  22085  22097  22132  22297  22304  22494  27372  27675  29243  29344  29367  29559  34541  34549  34558  34564  34584  34626  34715  35189  35203  35261  35341  35374  35472  35580  46517  46574  46697  52838 
Cell#053  226.8  120.6   021 :   5948  6016  6202  6208  6814  6825  6844  6886  6923  7018  7045  26865  26875  26914  26958  27016  27028  27049  27095  64738  64801 
Cell#054  235.4  063.2   072 :   335  348  353  361  1474  1481  1509  1904  1910  1943  2164  2174  2183  10767  10770  10778  19929  19939  20004  20010  20068  31811  31926  31953  31959  31993  32021  34353  34378  34442  37434  37446  37709  37721  37914  37929  37936  37942  37949  42188  42204  42235  42242  42249  42258  49144  49153  49160  49172  49258  49322  49339  49404  49503  54789  54796  54895  54900  54917  55232  55239  60414  60419  60436  60451  60473  60498  60524  60540  63360  63375  63598 
Cell#055  238.3  123.5   053 :   1383  1405  1435  1478  1511  1642  1837  12226  17467  17478  17488  17498  17504  17535  17644  17834  17863  17895  18047  29808  30588  31270  31878  33184  33191  33205  33400  33437  34065  34081  34110  34255  38322  38750  50604  50657  50672  52338  52346  52356  52367  52375  52450  52550  52596  52708  56292  56304  56320  56337  56352  56377  56430 
Cell#056  238.3  040.2   009 :   5716  7006  7378  7425  7470  31652  36459  38636  42238 
Cell#057  246.9  051.7   034 :   340  1552  2159  2219  6536  10765  10801  31801  31834  31857  31934  31947  31961  37942  37951  37976  42184  42246  42277  49146  49171  49209  49225  49272  49318  49327  49357  49381  49499  54799  54903  60398  60422  60457 
Cell#058  246.9  109.1   019 :   47176  47188  47195  47204  47227  47268  47429  53699  53709  53867  53905  53938  54024  54039  54050  54062  54075  54124  54232 
Cell#059  255.5  034.5   005 :   10199  10210  10215  10221  10228 
Cell#060  258.4  117.7   003 :   21271  43152  43209 
Cell#061  258.4  091.9   013 :   1150  15402  15437  15552  21269  35722  35733  35757  35926  40947  40980  49495  60659 
Cell#062  261.3  068.9   024 :   10197  10209  10226  10251  10273  10292  10359  15402  15408  28811  28827  28835  35727  35734  40983  40993  41007  41013  41024  41074  53739  53830  53899  58129 
Cell#063  272.8  120.6   025 :   2047  2058  2068  2148  25687  25698  25714  25736  25842  25850  25871  26028  26034  26068  30102  30114  49359  49374  56772  56823  57220  57655  58409  58428  58509 
Cell#064  272.8  091.9   009 :   53360  54613  54623  54632  54645  54670  54680  54727  54785 
Cell#065  275.6  066.0   004 :   21637  21651  54610  54627 
Cell#066  284.2  045.9   018 :   47609  47618  47640  47666  47763  47824  47906  47911  47922  47935  47956  47981  48190  61764  61774  62621  62637  62676 
Cell#067  287.1  114.8   078 :   3706  3733  3767  6020  6195  7040  7128  14413  19945  21632  21659  23902  23948  23999  24035  24090  33195  33215  33233  33248  34981  35011  35068  37298  37381  38709  38745  38818  38954  39276  39542  40158  40185  40782  41293  45906  46253  46268  46433  49507  52785  52879  52930  53020  53049  53124  53169  53322  53346  53424  53440  53629  54269  54317  55012  55023  55728  55734  56047  56803  59082  59103  59164  59183  59347  59440  60532  60589  61284  61349  61430  61551  61995  62044  62271  62622  62962  63000 
Cell#068  292.9  023.0   025 :   19596  19606  19626  19665  38565  38574  38610  42177  42192  42305  42311  42336  42742  42761  43204  43212  45139  45163  45667  45674  45686  52020  52029  52039  52056 
Cell#069  298.6  091.9   040 :   13440  13452  13459  13515  13887  13904  13930  25734  25757  25799  25807  25819  25871  26130  29980  29991  30040  30072  30084  30090  30507  30515  30523  30532  30535  30536  30551  30566  30602  58861  58880  58903  58921  64803  64815  64825  64839  64856  64903  64934 
Cell#070  301.5  120.6   009 :   13428  29984  30513  30525  30564  58618  63962  64251  64817 
Cell#071  307.2  097.6   009 :   18070  18075  18082  18115  18157  18302  18311  18322  18509 
Cell#072  312.9  132.1   017 :   37158  37164  37192  37245  37298  37318  37367  47153  47159  47184  47212  47263  47352  48112  48122  48179  48209 
Cell#073  315.8  043.1   020 :   24710  25057  25062  25071  25079  25093  25166  25198  25216  25233  25266  25410  25420  25430  62666  62672  62683  62691  62701  62839 
Cell#074  318.7  109.1   021 :   25060  25133  25171  25221  25229  37162  37180  37240  37302  37336  37417  37528  47155  47171  48106  48118  48226  48318  48620  62660  62691 
Cell#075  318.7  071.8   022 :   19026  19036  19049  19067  19085  19308  21853  21871  21907  22052  24712  25056  25063  25168  25221  25378  25414  25434  47618  47630  62676  62690 
Cell#076  327.3  023.0   006 :   24704  25065  25156  25222  25400  62668 
Cell#077  333.0  057.4   011 :   3701  3713  6824  26883  26906  26919  27000  27010  27057  27099  27109 
Cell#078  333.0  120.6   011 :   40994  41007  41017  41032  41074  53535  53586  53592  53619  53654  53678 
Cell#079  341.7  023.0   001 :   10503 
Cell#080  344.5  149.3   074 :   17  90  199  3653  3740  3802  3856  8296  8490  13554  14479  14492  14648  14692  15734  15751  17713  17747  21080  23003  23010  25220  25265  25930  26032  29320  30614  30622  36419  36436  36591  36643  38514  38523  38546  38589  38661  38721  39284  39468  39771  40768  44336  46051  46683  47042  47226  47237  47306  47379  47924  50967  51712  55189  55224  55463  58203  58386  58402  58525  58540  59562  59580  59598  59620  59640  59792  61485  61497  61970  61982  64265  64802  64819 
Cell#081  344.5  080.4   019 :   26196  26211  26232  31469  31478  31490  31551  40991  46916  46970  48005  48013  48039  53121  53147  53171  59226  59275  59561 
Cell#082  353.1  120.6   013 :   29318  29344  35284  35290  47047  51743  58407  58418  58602  63383  63395  63473  63535 
Cell#083  356.0  155.0   008 :   1199  7056  18565  21936  22049  35468  58413  64804 
Cell#084  358.9  100.5   008 :   21741  22214  22294  29325  35279  37725  58403  63389 
Cell#085  364.6  074.6   011 :   7044  7050  7067  42161  42170  42176  42180  55722  55729  55754  61835 
