Total No of Frames = 65000  (1 frame = 2 msec)

Cell No.   X      Y    N_Spikes  Frames
Cell#001  005.7  112.0   009 :   1458  1471  1484  27368  27382  32275  32291  40912  61965 
Cell#002  005.7  215.3   001 :   9796 
Cell#003  011.5  097.6   000 :  
Cell#004  020.1  089.0   019 :   6161  20853  20863  22495  27690  36073  36084  36100  36115  36754  36769  43431  43442  48672  51802  51817  52685  56279  56295 
Cell#005  025.8  020.1   016 :   20303  22992  23001  32044  32054  32066  36041  39458  39475  42802  42816  48309  48322  55255  64575  64589 
Cell#006  034.5  117.7   000 :  
Cell#007  037.3  077.5   000 :  
Cell#008  040.2  149.3   000 :  
Cell#009  045.9  215.3   000 :  
Cell#010  060.3  048.8   000 :  
Cell#011  063.2  106.2   007 :   27213  27227  36054  36279  40870  40998  55072 
Cell#012  068.9  080.4   007 :   46135  48102  51578  54979  58721  61625  61983 
Cell#013  074.6  008.6   000 :  
Cell#014  080.4  048.8   004 :   48520  52314  56296  56306 
Cell#015  080.4  112.0   012 :   36079  40861  43270  43319  46136  48103  51575  54980  58720  61636  61650  61985 
Cell#016  089.0  100.5   000 :  
Cell#017  091.9  060.3   000 :  
Cell#018  100.5  172.3   004 :   23120  54941  58525  63367 
Cell#019  106.2  071.8   000 :  
Cell#020  106.2  120.6   003 :   49306  49320  52965 
Cell#021  109.1  163.7   000 :  
Cell#022  109.1  203.8   000 :  
Cell#023  117.7  109.1   018 :   21014  27469  27695  32282  32422  36073  36086  36185  36406  40873  40890  43303  43568  46218  48298  51638  51788  55122 
Cell#024  120.6  071.8   045 :   1539  4156  4261  4333  4374  8784  9443  15249  15256  15276  17487  20417  20427  24390  24400  24484  27090  27116  27424  27673  27729  32221  32293  32501  32609  32626  35735  35803  36000  40856  40955  41070  41164  48588  51616  51774  51840  51980  54964  54981  55034  55281  58916  64914  64926 
Cell#025  120.6  157.9   000 :  
Cell#026  123.5  034.5   020 :   4288  4300  8655  8670  12783  12798  13298  15004  15030  24493  24510  32500  32511  48249  48264  51669  55006  58715  61951  61964 
Cell#027  129.2  100.5   005 :   15267  27424  32220  54979  55282 
Cell#028  132.1  132.1   000 :  
Cell#029  134.9  060.3   002 :   51668  61963 
Cell#030  137.8  028.7   002 :   44105  44118 
Cell#031  149.3  045.9   002 :   48745  48756 
Cell#032  155.0  017.2   001 :   36280 
Cell#033  160.8  071.8   000 :  
Cell#034  160.8  120.6   000 :  
Cell#035  166.5  195.2   000 :  
Cell#036  166.5  034.5   000 :  
Cell#037  172.3  091.9   011 :   10227  28174  34002  36808  43202  48081  48099  48572  51936  52287  62539 
Cell#038  175.1  246.9   000 :  
Cell#039  180.9  043.1   000 :  
Cell#040  180.9  011.5   000 :  
Cell#041  186.6  066.0   000 :  
Cell#042  189.5  129.2   000 :  
Cell#043  189.5  097.6   002 :   55607  61938 
Cell#044  189.5  175.1   017 :   2153  2804  10341  10621  21063  35952  36117  36189  37613  48389  48527  48695  51779  51851  51890  52338  52424 
Cell#045  195.2  218.2   005 :   16036  35791  36100  36655  51645 
Cell#046  206.7  198.1   003 :   4227  4311  48552 
Cell#047  212.5  226.8   015 :   1490  1574  4281  5916  9685  15106  19108  19347  27528  32648  36119  36259  36788  43615  48913 
Cell#048  215.3  037.3   013 :   8301  8312  9230  9945  10000  10042  10920  10935  38109  38427  42746  59822  59834 
Cell#049  218.2  183.8   000 :  
Cell#050  221.1  126.3   030 :   4265  4275  5911  22794  27257  27497  28411  28429  29345  29360  32473  32501  36251  36655  36669  36753  40870  43485  43933  48606  48617  48977  52097  56097  56112  56124  56627  56655  59289  59302 
Cell#051  223.9  221.1   013 :   5887  11145  15289  20586  21030  21043  22478  29544  29655  36968  48701  48881  51941 
Cell#052  232.6  189.5   001 :   4353 
Cell#053  235.4  063.2   005 :   5900  11154  13441  37843  60181 
Cell#054  235.4  094.7   019 :   707  2980  11412  14061  14072  14268  22798  27123  32472  36056  46216  51828  54461  55092  56094  56108  57392  63322  63350 
Cell#055  246.9  201.0   000 :  
Cell#056  252.7  063.2   007 :   22798  27129  32470  36054  46216  51825  55089 
Cell#057  252.7  126.3   006 :   27953  32549  37035  57214  58538  59680 
Cell#058  252.7  103.4   008 :   706  15010  15192  15390  43489  48509  57215  58539 
Cell#059  264.1  120.6   002 :   4292  59191 
Cell#060  264.1  094.7   004 :   706  57207  59180  59205 
Cell#061  264.1  017.2   000 :  
Cell#062  267.0  218.2   002 :   4824  15301 
Cell#063  278.5  201.0   011 :   1632  1884  2247  2472  4215  4828  4843  6142  9559  15306  29550 
Cell#064  278.5  241.2   000 :  
Cell#065  281.4  066.0   000 :  
Cell#066  290.0  175.1   000 :  
Cell#067  290.0  123.5   000 :  
Cell#068  292.9  083.3   004 :   5906  36245  55535  55547 
Cell#069  292.9  215.3   011 :   719  1679  1697  4361  6075  20375  20768  20788  39909  64904  64913 
Cell#070  292.9  143.6   005 :   5893  5905  5920  36262  37739 
Cell#071  301.5  071.8   001 :   55541 
Cell#072  304.3  126.3   002 :   5924  36265 
Cell#073  304.3  223.9   000 :  
Cell#074  321.6  114.8   002 :   34979  34992 
Cell#075  324.4  097.6   000 :  
Cell#076  333.0  051.7   000 :  
Cell#077  333.0  117.7   242 :   86  386  716  786  1189  1385  1496  1610  1792  2349  2433  2739  3393  3746  4096  4231  4329  4359  4857  5210  5546  5824  5951  6076  6772  7054  7319  7374  7669  7821  8338  8435  8520  8882  8897  9203  9455  9497  9856  10152  10526  10555  10903  11183  11238  11753  11796  12214  12257  12673  12883  13035  13188  13485  13833  14530  14560  14852  14866  15144  15172  15270  15770  16203  16259  16928  17250  17515  18085  18101  18418  18436  19029  19452  19868  20104  20396  20704  21068  21136  22029  22053  22530  22598  22878  23099  23142  23953  24188  24217  24442  24859  24872  25302  25515  25975  26352  26600  26922  26935  27131  27480  27620  27966  27979  28371  28411  28857  29107  29122  29384  29567  29623  30194  30473  30490  30893  31018  31242  31649  31996  32163  32248  32486  32721  33058  33083  33710  34031  34394  34647  34717  35107  35148  35621  35720  36110  36153  36305  36807  36820  37435  37669  38067  38373  38691  38832  38859  39336  39376  39696  40114  40393  40421  40758  40910  41163  41665  41681  41956  42294  42575  42879  43230  43370  43467  43787  44027  44639  44931  45505  45727  46093  46160  46257  46396  46437  47193  47332  47554  47932  48169  48475  48519  48723  48905  49253  49616  49911  50249  50596  50624  51047  51072  51502  51671  51799  52130  52506  52762  52967  53459  53681  54141  54402  54713  54921  54964  55340  55686  55927  56362  56584  56682  56932  56987  57724  57909  58264  58520  58856  59163  59455  59622  60055  60512  61062  61173  61242  61868  61939  62178  62581  62775  63154  63224  63726  63992  64061  64521  64743  64855 
Cell#078  338.8  221.1   000 :  
Cell#079  341.7  077.5   014 :   1770  1786  6125  6145  8235  8347  8696  8709  9212  9224  9618  9632  28185  28197 
Cell#080  341.7  155.0   023 :   1654  1918  2408  10699  15552  15633  16083  16107  16819  23123  31498  32409  32517  34998  49007  52012  52441  56459  56473  56668  56822  60143  60156 
Cell#081  347.4  169.4   017 :   1635  4276  9409  15391  21215  21881  23303  23959  24141  36790  36914  37194  41938  42373  48666  49068  49308 
Cell#082  350.3  223.9   011 :   1798  4406  4715  6461  32910  33175  33622  52283  52322  52489  52669 
Cell#083  356.0  097.6   000 :  
Cell#084  356.0  117.7   000 :  
Cell#085  358.9  140.7   025 :   2180  2634  10401  10610  13200  13353  15601  16984  20886  23434  27888  35969  36106  36356  36775  41272  43604  43615  55922  56442  56761  59716  60178  62438  63376 
Cell#086  361.8  175.1   007 :   4329  27688  27925  28407  28993  29341  37655 
Cell#087  361.8  068.9   000 :  
Cell#088  361.8  157.9   006 :   21238  27942  27956  41925  43596  60172 
