Total No of Frames = 65000  (1 frame = 2 msec)

Cell No.   X      Y    N_Spikes  Frames
Cell#001  005.7  103.4   015 :   7142  7301  24045  26233  26345  31341  38075  39047  39159  39353  48337  49009  53699  59990  60397 
Cell#002  011.5  201.0   022 :   864  2185  3062  3393  4845  6506  7132  9945  10224  10644  11718  15404  17240  19351  19573  19909  21510  59814  60348  60361  61335  64154 
Cell#003  023.0  071.8   007 :   858  17239  36066  36233  36499  37811  59099 
Cell#004  034.5  149.3   008 :   2622  2636  9853  24376  26543  26662  27404  31333 
Cell#005  040.2  201.0   070 :   177  1280  1295  1682  2841  3036  4832  4904  5013  5178  5293  6565  7999  9933  9987  10534  11693  12135  13505  13592  13816  15417  15779  17244  17257  17287  17412  17504  19323  19379  21513  21600  21891  21976  23987  24263  24361  26214  26270  27636  31330  31441  31579  31678  33503  33777  35525  35753  35820  36518  37620  38777  42632  43685  44604  44838  47210  47616  52142  52533  53662  55279  56804  57707  59160  59272  59387  63346  63376  64953 
Cell#006  043.1  063.2   011 :   856  9785  9871  33455  39382  44596  51912  52526  53641  54533  63421 
Cell#007  043.1  114.8   001 :   42165 
Cell#008  045.9  163.7   005 :   3187  5442  6995  22142  62031 
Cell#009  051.7  180.9   010 :   21938  22021  22125  22331  39271  39280  39299  50431  56792  62040 
Cell#010  054.6  134.9   003 :   861  42159  44614 
Cell#011  057.4  083.3   003 :   9783  15420  52521 
Cell#012  060.3  068.9   001 :   19347 
Cell#013  063.2  169.4   003 :   19350  44603  57724 
Cell#014  071.8  057.4   003 :   15208  36246  37781 
Cell#015  086.1  089.0   000 :  
Cell#016  100.5  183.8   002 :   26196  35747 
Cell#017  100.5  097.6   071 :   860  1139  1388  1596  2380  4843  6493  6588  7187  7870  9946  10044  10197  10780  11703  13280  15404  16025  17243  17549  17759  19335  19875  20243  21512  21622  23984  24092  24399  24749  26211  26587  26881  28973  31302  31718  33458  33698  33990  35748  36037  37476  40861  40987  41072  41973  42085  42171  42284  43279  44603  45830  47182  47321  49976  52305  52517  52697  53632  53699  53785  54704  56759  57665  59184  60526  61502  63409  63468  63810  64933 
Cell#018  106.2  149.3   000 :  
Cell#019  109.1  023.0   000 :  
Cell#020  112.0  074.6   005 :   6452  15402  54862  54958  54975 
Cell#021  120.6  100.5   002 :   19381  31538 
Cell#022  120.6  166.5   010 :   4836  15410  17247  19327  23987  38931  47972  47998  55396  55421 
Cell#023  126.3  074.6   000 :  
Cell#024  129.2  031.6   000 :  
Cell#025  132.1  051.7   000 :  
Cell#026  137.8  109.1   003 :   17890  21881  26399 
Cell#027  140.7  146.4   002 :   6503  11699 
Cell#028  146.4  212.5   039 :   859  931  2309  2851  3034  4833  6494  7912  8045  9932  10448  11730  13506  13544  13573  15406  17254  17281  19334  21511  21583  23995  24121  26207  31314  31563  33459  33487  35747  35929  37547  44656  47210  49693  52499  52600  52681  56799  63440 
Cell#029  152.2  025.8   000 :  
Cell#030  157.9  057.4   000 :  
Cell#031  160.8  172.3   030 :   870  941  1297  1608  2954  4840  5007  5260  6515  6543  6710  7029  9955  10080  11696  11801  13540  15421  15507  17292  19375  21535  21636  24019  26414  30722  31310  31462  35756  47288 
Cell#032  160.8  117.7   013 :   872  9941  17253  19345  21509  21705  23991  26209  31310  33471  35746  37530  44600 
Cell#033  166.5  086.1   045 :   865  1024  2320  5047  6796  9256  9355  9956  13515  13586  13736  13820  15481  15677  15758  17265  17341  17561  17744  19374  19539  19791  21549  21612  21677  21916  24005  24103  24173  26248  26417  26531  26629  33495  33682  33739  35759  35820  35993  37608  45815  45842  49712  63464  63505 
Cell#034  172.3  028.7   000 :  
Cell#035  172.3  057.4   000 :  
Cell#036  175.1  169.4   033 :   868  1038  1577  2391  4839  4994  5315  6505  6596  9925  10204  13512  13541  13790  15409  17238  19345  23989  26220  26720  27322  31343  33520  33608  35742  36033  42165  44595  45826  52509  63502  63729  64932 
Cell#037  180.9  123.5   004 :   863  17256  21527  23983 
Cell#038  186.6  051.7   000 :  
Cell#039  189.5  083.3   005 :   6739  24354  26429  35798  36205 
Cell#040  189.5  175.1   005 :   17254  23990  24272  27548  54982 
Cell#041  192.4  212.5   022 :   863  959  1086  1599  4829  4954  5121  6506  9943  10154  10294  11773  17273  19338  31314  31428  33517  35761  42161  52558  52710  63441 
Cell#042  195.2  017.2   000 :  
Cell#043  201.0  034.5   004 :   27470  27481  45848  59932 
Cell#044  201.0  051.7   003 :   26096  26178  27477 
Cell#045  203.8  175.1   007 :   1376  5306  9946  10262  10277  17274  17506 
Cell#046  209.6  203.8   026 :   1287  1695  8122  10279  14047  17700  19349  19485  23993  29180  31310  37309  38169  38187  38520  38535  39466  43263  45813  46302  46316  49248  52507  63731  63899  64155 
Cell#047  212.5  129.2   065 :   853  882  1410  1813  1996  2005  2019  2928  3174  3372  3527  4864  4920  5254  6498  6607  6705  7498  7513  7528  9949  9990  10114  10703  11775  13521  13633  13758  15421  15502  15584  15934  17357  17400  17420  19397  19672  19744  19813  21524  21558  21614  23999  24041  24166  24563  26270  26311  27913  27930  29447  31334  31359  33532  33672  35834  39153  39280  42205  42485  48245  52616  60042  63456  63526 
Cell#048  215.3  172.3   008 :   15423  23991  24203  26192  60161  60314  63630  63645 
Cell#049  215.3  063.2   000 :  
Cell#050  223.9  129.2   003 :   40923  40938  43453 
Cell#051  229.7  100.5   010 :   855  4836  8128  9936  10744  13549  15406  17246  19340  21501 
Cell#052  229.7  043.1   000 :  
Cell#053  229.7  172.3   004 :   13501  44905  45830  56774 
Cell#054  229.7  074.6   000 :  
Cell#055  241.2  132.1   003 :   9933  15406  42151 
Cell#056  246.9  166.5   005 :   7357  9938  9968  62039  62111 
Cell#057  246.9  097.6   005 :   35779  37512  44605  45822  52505 
Cell#058  246.9  077.5   047 :   1140  5229  7994  9941  11699  13512  15411  17253  19332  19344  21508  23990  29721  29731  29761  31557  33465  33793  35774  35787  37514  40888  41015  41026  44615  45827  47205  47220  48606  52511  52554  53657  56772  56781  56906  56919  57673  57717  59155  59165  59186  61384  63413  63421  63449  64959  64970 
Cell#059  252.7  031.6   000 :  
Cell#060  255.5  123.5   035 :   1305  7999  24303  24374  26493  26718  26996  27346  27401  27607  27640  33799  34189  34242  34260  36045  36156  37674  37884  40847  42187  42358  42401  43339  43564  46075  47395  47631  47885  54722  54890  54904  57672  59638  63846 
Cell#061  258.4  206.7   031 :   1151  1514  1933  2073  3021  3048  5235  6784  7148  10479  14106  15750  17853  19868  22214  24538  26632  31645  33795  36194  37785  37842  42480  46010  47422  47808  51829  55850  60359  61323  64165 
Cell#062  261.3  068.9   003 :   26608  54444  64973 
Cell#063  264.1  040.2   002 :   26610  64965 
Cell#064  269.9  106.2   000 :  
Cell#065  272.8  137.8   000 :  
Cell#066  275.6  157.9   034 :   1144  2275  5015  5099  5184  5336  6664  10075  10161  11947  12026  13680  13744  13944  15560  15574  17362  17526  19479  19605  19719  19742  21643  21771  24168  24334  26383  26456  26555  31581  33732  35923  36074  63586 
Cell#067  275.6  089.0   000 :  
Cell#068  275.6  218.2   001 :   43687 
Cell#069  275.6  192.4   041 :   925  4921  6487  6824  7864  8138  9993  10062  11697  11793  11905  11948  13524  13666  13765  14071  15422  15521  17307  19371  19428  21508  21586  21675  24001  24324  24824  26245  26430  26777  27614  27806  28925  31332  33471  33592  35797  37594  39053  39073  42208 
Cell#070  278.5  057.4   003 :   13529  26213  45848 
Cell#071  284.2  109.1   046 :   1221  1567  1809  1915  2378  5078  6671  6820  9940  10292  10358  11796  12104  12123  13793  13808  15496  15600  15718  17450  17476  19554  19610  21789  22083  22096  24873  26570  26735  27489  27615  27712  31628  31669  36070  37798  37949  37989  38735  38756  43371  44777  48611  49681  50171  60550 
Cell#072  290.0  066.0   000 :  
Cell#073  290.0  209.6   008 :   861  2323  9933  13507  15414  42160  42300  44601 
Cell#074  301.5  043.1   000 :  
Cell#075  304.3  074.6   009 :   1383  5201  5342  27362  37808  37835  43412  43428  45923 
Cell#076  310.1  163.7   001 :   21494 
Cell#077  321.6  034.5   008 :   852  9936  11698  13522  15421  19355  23983  42165 
Cell#078  321.6  241.2   033 :   850  2812  4830  6495  7931  9932  11706  13519  15404  17245  19340  21514  21653  23997  26212  31329  33459  35721  37505  39039  42159  42229  44631  45866  47215  52517  53693  56788  59217  59413  63429  64947  64989 
Cell#079  324.4  186.6   000 :  
Cell#080  324.4  054.6   000 :  
Cell#081  327.3  149.3   000 :  
Cell#082  327.3  094.7   006 :   5364  5376  44672  44729  44769  56943 
Cell#083  330.2  071.8   031 :   856  2820  4841  6491  7865  8006  9868  9939  11699  13510  15436  16048  17247  19345  21508  24015  26231  31319  33467  35753  37513  42165  42194  43304  44597  45824  47245  49703  50417  52509  56781 
Cell#084  344.5  226.8   028 :   1539  5370  10456  11906  15898  15936  21511  24197  24299  24574  26513  26639  27446  28842  31588  31740  33721  33737  38089  38786  38824  39383  39396  43510  47612  47806  55328  59611 
Cell#085  344.5  175.1   003 :   6520  7162  57901 
Cell#086  350.3  066.0   024 :   852  4835  6498  7879  9935  10383  13508  15417  17248  17762  19329  21507  22034  23989  24865  26216  27386  31318  33479  35750  37509  42164  57891  63432 
Cell#087  358.9  178.0   023 :   864  4849  4916  7857  9938  9988  13504  13602  19397  19434  21528  21770  24023  28914  31399  31567  33476  35790  42272  52529  52557  52616  63446 
Cell#088  361.8  074.6   033 :   980  1411  5244  6501  6695  7391  9931  10106  10756  13512  14082  15422  17249  17697  19344  21508  21648  21942  21969  23987  24018  24365  24880  26232  28242  31323  31406  31544  33478  35756  35840  43370  52580 
