Total No of Frames = 65000  (1 frame = 2 msec)

Cell No.   X      Y    N_Spikes  Frames
Cell#001  005.7  063.2   004 :   8228  14295  44512  44734 
Cell#002  020.1  086.1   008 :   28478  39615  40694  54343  58071  58327  58414  58940 
Cell#003  020.1  123.5   001 :   13309 
Cell#004  025.8  166.5   009 :   1237  1425  2291  4288  10363  19317  21473  28907  36242 
Cell#005  034.5  103.4   005 :   15816  18874  44671  53098  55793 
Cell#006  037.3  137.8   010 :   39053  39372  40264  40984  48078  48389  49558  53022  53332  58736 
Cell#007  040.2  180.9   007 :   1569  11816  24169  28496  44853  49119  62555 
Cell#008  051.7  120.6   025 :   2736  5679  10007  11684  18321  19154  21120  21507  23075  25849  26236  36104  39609  47707  48416  48895  52250  52344  52529  54602  54651  54735  54826  54975  57478 
Cell#009  054.6  149.3   013 :   6214  9099  10371  13075  15149  18332  26608  26813  32139  33304  36107  36538  45014 
Cell#010  057.4  172.3   000 :  
Cell#011  057.4  023.0   001 :   18809 
Cell#012  068.9  083.3   010 :   27345  28256  28545  38354  46714  46760  46966  52664  54879  63076 
Cell#013  068.9  132.1   010 :   6365  20536  21449  35020  41329  49841  54078  54673  56257  57484 
Cell#014  071.8  169.4   000 :  
Cell#015  071.8  057.4   003 :   28552  49788  54427 
Cell#016  074.6  103.4   004 :   19146  27350  28546  56140 
Cell#017  080.4  028.7   003 :   37814  41717  54354 
Cell#018  089.0  086.1   002 :   7555  53395 
Cell#019  097.6  123.5   027 :   1431  1708  4692  5256  5873  12887  24382  26235  27290  27476  34738  38785  38842  39014  41374  41576  42104  42460  43480  45450  45547  45857  47398  47952  48341  49410  49950 
Cell#020  106.2  097.6   004 :   65  333  1962  9289 
Cell#021  109.1  074.6   022 :   3767  7112  13971  17693  17733  17966  18715  22671  26371  26386  30268  37482  37582  47592  48768  52380  55815  56401  58690  59331  61878  64608 
Cell#022  112.0  023.0   089 :   70  966  1439  1871  2933  3696  3730  3851  3916  4046  4317  4734  5061  7128  7427  7625  7758  8123  8658  9318  9739  11029  11709  12803  13233  13880  14007  14068  14322  14817  14989  15548  15707  15764  16486  17611  17723  17799  17950  18060  18451  18862  19256  19364  19566  21679  22658  22778  22868  23083  23216  23382  23744  23806  24143  24615  25469  25901  26087  26989  27455  28801  30245  30388  30527  30838  31355  31596  31807  34316  35454  35997  36351  36645  37523  37868  51809  51851  51918  52046  52071  52459  53781  54208  55645  61666  62075  62618  64579 
Cell#023  120.6  057.4   014 :   18775  21241  21878  21886  38751  43026  43601  43783  44855  45508  46167  46217  46683  49205 
Cell#024  123.5  134.9   003 :   2586  6258  10188 
Cell#025  129.2  034.5   024 :   3755  9797  11048  17666  35408  38197  38460  38558  38940  39178  39649  39962  40298  40642  41054  41646  42298  42735  43353  46229  48021  53225  53608  64609 
Cell#026  137.8  100.5   015 :   2755  6320  13320  15705  25097  25236  25368  25678  33545  44323  45466  46438  47705  47753  53627 
Cell#027  137.8  123.5   050 :   124  142  1256  1877  2117  8445  9107  9710  10944  15705  16332  16487  19716  22656  25386  30633  31643  31808  32195  32402  32968  33431  34029  34220  35417  37790  38323  38416  38632  39270  39527  39868  40135  40305  40857  41216  41413  41767  41843  42910  43554  44102  44563  44812  44840  45441  45732  47574  53243  53627 
Cell#028  152.2  086.1   006 :   1746  2421  2464  33983  34864  34925 
Cell#029  157.9  063.2   002 :   24443  48055 
Cell#030  160.8  025.8   014 :   10898  10920  21422  28551  30192  31134  32717  37790  48638  49483  53423  53441  56871  62403 
Cell#031  166.5  109.1   009 :   2822  26487  27667  29105  35923  42934  43257  44763  63225 
Cell#032  180.9  040.2   002 :   5608  9286 
Cell#033  183.8  114.8   018 :   19304  38978  39065  39154  39345  39721  40221  40420  40544  41643  41815  41846  42101  42515  51877  52528  52884  53021 
Cell#034  186.6  077.5   007 :   28211  28244  44811  45226  46815  47051  53364 
Cell#035  198.1  063.2   027 :   443  1845  3692  4404  4942  5561  9221  9674  12184  13498  13936  14620  16236  18129  20108  21379  22679  24132  26435  27638  30292  35399  36209  38992  46976  55628  59691 
Cell#036  209.6  086.1   011 :   39219  39262  39368  39463  39979  40544  40631  42517  43996  54491  54939 
Cell#037  215.3  132.1   010 :   329  28023  42939  42976  43479  43999  44221  44281  44528  45332 
Cell#038  218.2  034.5   008 :   1896  1953  28812  31718  34310  44100  49397  49989 
Cell#039  223.9  057.4   018 :   247  2098  7969  20212  30764  32924  42939  44783  46335  47115  48020  49426  52665  53091  57952  58598  59806  62248 
Cell#040  229.7  086.1   002 :   2099  20211 
Cell#041  232.6  034.5   019 :   250  2099  7969  20210  30766  32924  42940  44783  46335  46510  47116  48021  49423  52665  53091  57950  58597  59808  62249 
Cell#042  238.3  137.8   037 :   5059  5422  7607  8357  9476  10727  12924  15120  16273  20310  20338  21145  24590  31337  32529  33841  40728  41411  42639  48641  48902  49083  52593  52704  52766  53224  54481  54738  55619  55746  56751  57722  58380  59216  61961  62076  62267 
Cell#043  246.9  066.0   000 :  
Cell#044  249.8  014.4   005 :   12876  46539  49427  58600  62264 
Cell#045  258.4  083.3   050 :   214  1414  2004  2062  5638  5770  5781  10636  12354  18106  27668  32234  34223  35192  37973  38752  39035  39178  39227  39708  40028  40333  40763  41213  41442  41508  41875  42329  42421  42757  42862  42935  43044  43271  44561  45086  45960  46659  47289  47528  48680  48706  51719  52000  52190  52977  53181  59429  60530  61576 
Cell#046  264.1  045.9   018 :   1190  1941  8833  26511  28373  28420  28431  34219  43511  44094  44511  44864  44980  45119  45293  45448  53116  62935 
Cell#047  267.0  126.3   002 :   54838  60426 
Cell#048  269.9  152.2   002 :   403  60426 
Cell#049  284.2  080.4   010 :   41374  41570  42102  46707  46762  47062  52075  59217  59272  59355 
Cell#050  287.1  137.8   008 :   27444  37692  43602  45088  45143  46823  54180  58572 
Cell#051  304.3  109.1   057 :   1437  2627  2790  4235  4374  5058  5807  7301  9178  9755  10228  10752  10816  14880  15359  16454  18364  18930  19151  19949  20837  21183  24290  26067  26108  26747  27306  28836  31054  31722  31791  32479  32680  33359  35490  39125  46436  46502  46681  46761  47209  47265  47932  49589  49764  52093  52917  53747  53943  54137  55913  55999  56663  58742  60147  60293  64504 
Cell#052  307.2  080.4   013 :   5481  10381  10957  15179  44208  48927  48939  49551  49685  52913  54352  58302  58314 
Cell#053  312.9  160.8   003 :   43612  44229  47350 
Cell#054  315.8  132.1   011 :   7659  28082  37049  41718  41899  41934  42470  43291  44046  44668  54940 
Cell#055  321.6  080.4   016 :   2074  4583  5809  7206  13305  13801  17432  18317  18827  19046  28570  31107  33852  36674  47909  52831 
Cell#056  330.2  152.2   016 :   6048  15508  15578  20677  22633  27858  31788  41946  42097  42428  42766  42849  43026  44065  45947  47145 
Cell#057  338.8  129.2   038 :   870  3761  4951  5060  5137  8124  12924  13008  14139  14921  17632  17843  19042  20313  20416  20718  22842  22920  24519  30245  32572  48778  49079  49361  51828  52021  53207  55792  56763  56847  58381  60355  60371  61708  62233  62492  62574  63112 
Cell#058  344.5  172.3   000 :  
Cell#059  350.3  109.1   002 :   46934  46942 
Cell#060  350.3  183.8   025 :   11003  20897  24465  25447  26246  38969  39619  39897  40365  41010  41447  41965  42182  42345  42841  43107  43830  44041  45715  50101  52469  53038  53120  54484  61619 
